530	5205	1
530	5378	1
530	350	1
530	5625	1
530	1799	1
530	2679	1
530	1975	1
530	3891	1
530	4106	1
530	3745	1
530	4219	1
530	4185	1
530	5460	1
530	754	1
530	4002	1
530	4415	1
530	4797	1
530	336	1
530	1025	1
530	481	1
530	4535	1
530	218	1
530	1105	1
530	581	1
530	4994	1
530	3329	1
530	5355	1
530	365	1
174	391	1
174	369	1
174	4124	1
174	667	1
174	336	1
174	608	1
174	54	1
174	328	1
174	12	1
174	368	1
62	274	1
62	2021	1
62	412	1
62	4688	1
62	2839	1
62	3007	1
62	2435	1
62	3214	1
62	2742	1
62	4243	1
62	3264	1
62	2438	1
62	2502	1
62	677	1
62	902	1
62	3635	1
62	2866	1
62	2860	1
62	411	1
62	4737	1
62	3858	1
62	4886	1
62	4640	1
62	1307	1
62	264	1
62	3012	1
62	342	1
62	3310	1
62	1394	1
62	2543	1
62	3309	1
398	791	1
398	108	1
398	5167	1
398	3016	1
398	4688	1
398	5056	1
398	5164	1
398	4369	1
398	883	1
398	368	1
398	5306	1
13	2074	1
13	3427	1
13	5196	1
13	851	1
13	3516	1
13	468	1
13	2122	1
13	244	1
520	103	1
520	1305	1
520	5576	1
520	5677	1
520	3959	1
520	923	1
520	5255	1
520	1089	1
520	722	1
520	2870	1
10	5096	1
10	3318	1
10	5053	1
10	1491	1
10	51	1
10	1768	1
536	1488	1
536	268	1
536	3578	1
536	2823	1
536	591	1
536	249	1
476	1837	1
476	96	1
476	362	1
476	1813	1
307	620	1
307	1158	1
307	1740	1
307	3419	1
307	639	1
307	5026	1
307	4689	1
307	373	1
581	1423	1
581	4904	1
581	355	1
581	3131	1
584	4102	1
584	1447	1
584	1587	1
584	1167	1
584	1233	1
584	1161	1
584	1038	1
584	2053	1
584	2434	1
584	34	1
584	2046	1
584	890	1
584	2731	1
584	636	1
584	544	1
263	5180	1
263	5668	1
263	4729	1
263	5415	1
263	3955	1
263	5574	1
263	5148	1
263	5163	1
263	2844	1
263	469	1
263	193	1
263	5500	1
263	5354	1
263	2835	1
263	5136	1
263	4706	1
263	4080	1
263	4133	1
263	4060	1
263	1524	1
263	2293	1
263	813	1
263	1657	1
263	2178	1
263	4064	1
263	5540	1
263	3179	1
263	4042	1
263	5435	1
263	4880	1
263	747	1
263	1566	1
263	1082	1
263	5128	1
270	5166	1
270	198	1
270	4639	1
270	2798	1
270	633	1
270	5326	1
270	5110	1
270	2441	1
270	1481	1
270	4415	1
509	985	1
509	502	1
509	681	1
509	1374	1
509	5536	1
509	1554	1
509	328	1
509	1697	1
509	2010	1
509	303	1
271	4472	1
271	4700	1
271	53	1
271	4744	1
271	3333	1
271	3402	1
271	81	1
271	1531	1
271	253	1
271	2729	1
271	948	1
271	5285	1
271	5256	1
271	775	1
271	4083	1
271	4717	1
271	2217	1
271	5339	1
271	541	1
271	2387	1
271	880	1
271	515	1
271	2713	1
271	3704	1
271	991	1
271	1046	1
271	1564	1
271	643	1
271	523	1
271	2932	1
271	4382	1
271	467	1
271	2771	1
337	2202	1
337	351	1
337	2706	1
337	393	1
336	5032	1
336	2601	1
336	1347	1
336	2029	1
336	446	1
336	2468	1
336	3666	1
336	5135	1
336	112	1
336	1260	1
336	2795	1
336	1168	1
637	2066	1
637	240	1
637	4229	1
637	2780	1
637	1066	1
637	1801	1
637	245	1
637	76	1
637	2286	1
637	997	1
206	253	1
206	650	1
206	3198	1
206	1592	1
206	705	1
206	931	1
206	3925	1
206	1948	1
206	3782	1
206	1950	1
206	4085	1
206	1610	1
206	782	1
568	315	1
568	165	1
568	4966	1
568	2494	1
568	581	1
568	374	1
568	1337	1
568	2778	1
568	3898	1
568	1591	1
568	4496	1
568	803	1
568	3633	1
568	378	1
568	252	1
568	3048	1
568	704	1
568	47	1
249	3953	1
249	4605	1
249	4538	1
249	4679	1
249	2633	1
249	5703	1
249	4042	1
249	294	1
249	106	1
249	3386	1
249	1083	1
249	3991	1
249	4600	1
249	3017	1
249	3882	1
249	3432	1
249	5727	1
249	5709	1
249	778	1
249	4534	1
249	1919	1
249	5257	1
249	5609	1
249	3316	1
249	123	1
249	2539	1
249	3416	1
249	2441	1
249	3763	1
249	593	1
249	1752	1
249	5303	1
249	4535	1
249	3243	1
249	3746	1
249	1168	1
678	113	1
678	3287	1
678	1835	1
678	1486	1
678	4154	1
642	5636	1
642	2275	1
642	4384	1
642	122	1
642	1041	1
642	11	1
642	37	1
642	3376	1
642	2976	1
642	631	1
642	3489	1
642	38	1
642	219	1
642	36	1
642	297	1
642	3980	1
642	30	1
642	806	1
642	3262	1
642	2706	1
642	85	1
642	2709	1
642	66	1
642	959	1
642	2177	1
642	5157	1
642	13	1
642	2711	1
642	2985	1
642	772	1
642	333	1
642	46	1
642	353	1
327	4019	1
327	1011	1
327	868	1
327	3390	1
327	5373	1
327	4968	1
327	3628	1
327	5684	1
327	5530	1
327	2783	1
327	5466	1
327	4688	1
164	4145	1
164	2867	1
164	4050	1
164	2337	1
164	4782	1
164	3085	1
164	4871	1
164	141	1
164	1936	1
164	5666	1
164	1548	1
164	4446	1
164	4444	1
164	1293	1
164	3855	1
164	2715	1
164	2145	1
164	116	1
164	5190	1
164	1581	1
164	3383	1
164	439	1
164	4308	1
164	4664	1
164	3578	1
164	5671	1
144	194	1
144	1761	1
144	242	1
144	656	1
144	2545	1
144	445	1
144	2038	1
144	2623	1
144	319	1
191	4305	1
191	1290	1
191	2346	1
191	5428	1
191	1235	1
191	3016	1
191	209	1
191	89	1
333	560	1
333	3185	1
333	655	1
333	1315	1
435	2653	1
435	4666	1
435	3833	1
435	1995	1
435	2019	1
435	4596	1
435	287	1
435	5025	1
435	549	1
435	5202	1
435	1047	1
435	156	1
435	2719	1
435	1691	1
435	416	1
435	919	1
37	4530	1
37	240	1
37	5568	1
37	2937	1
37	1757	1
37	3011	1
37	5654	1
37	2663	1
37	587	1
37	2914	1
37	1648	1
37	4911	1
37	1501	1
37	2084	1
37	5584	1
37	3208	1
37	3873	1
37	3052	1
37	1387	1
37	732	1
37	548	1
37	2563	1
37	1192	1
37	4750	1
37	4071	1
37	2627	1
37	4622	1
37	3596	1
37	5711	1
37	2680	1
37	3582	1
37	3872	1
37	3941	1
37	1318	1
37	262	1
37	2335	1
37	1053	1
37	1429	1
37	350	1
37	5001	1
37	2716	1
37	3276	1
37	612	1
37	1354	1
37	3963	1
37	2253	1
37	3732	1
37	249	1
37	103	1
37	903	1
37	1975	1
37	912	1
37	4970	1
37	2554	1
37	339	1
37	4265	1
37	1574	1
37	5031	1
37	5476	1
37	275	1
37	4293	1
37	215	1
37	621	1
37	2830	1
37	5225	1
37	3504	1
37	3570	1
37	2953	1
37	178	1
37	2972	1
37	3034	1
37	690	1
37	5331	1
37	810	1
37	237	1
37	1920	1
37	601	1
37	1730	1
37	1641	1
37	4514	1
37	2852	1
37	1792	1
37	1625	1
37	811	1
37	1256	1
37	1904	1
37	3417	1
37	3552	1
37	5470	1
37	5585	1
37	5616	1
37	573	1
37	1918	1
37	3141	1
37	844	1
37	2571	1
37	4055	1
37	651	1
37	482	1
37	1965	1
37	4591	1
37	5469	1
37	3067	1
37	528	1
37	2330	1
37	268	1
37	2439	1
37	3392	1
37	2988	1
37	817	1
37	2609	1
37	935	1
37	1379	1
117	706	1
117	2211	1
117	5614	1
117	1780	1
117	2059	1
117	2278	1
117	4069	1
117	1242	1
117	650	1
117	2328	1
117	3454	1
117	2959	1
117	175	1
117	5638	1
117	3023	1
117	1542	1
117	3891	1
117	2907	1
117	5364	1
117	1788	1
117	668	1
117	5394	1
117	2888	1
117	3503	1
117	1142	1
117	2262	1
117	241	1
117	2958	1
117	828	1
117	5597	1
117	278	1
117	3827	1
117	1581	1
117	132	1
117	4452	1
117	2148	1
117	1596	1
117	4210	1
117	2673	1
117	5610	1
117	4965	1
117	5280	1
117	1936	1
117	2384	1
117	1091	1
117	2687	1
117	4609	1
117	171	1
117	5356	1
117	4865	1
117	1608	1
117	5574	1
117	1931	1
117	4111	1
117	3727	1
117	5241	1
117	1333	1
117	3670	1
117	2649	1
117	720	1
117	1400	1
117	4504	1
117	741	1
117	4094	1
117	2941	1
117	4503	1
117	610	1
117	1819	1
117	4136	1
117	1270	1
117	2971	1
117	1587	1
117	2829	1
117	397	1
117	5668	1
117	2953	1
117	5215	1
117	4485	1
117	4149	1
117	1004	1
117	5603	1
117	3472	1
117	2627	1
117	595	1
632	2566	1
632	199	1
632	1074	1
632	3160	1
632	3967	1
632	3558	1
632	3975	1
632	799	1
632	3698	1
632	3334	1
632	840	1
632	5457	1
632	560	1
605	5546	1
605	2170	1
605	885	1
605	2795	1
325	804	1
325	894	1
325	2883	1
325	5216	1
325	199	1
325	1403	1
325	2094	1
325	3110	1
325	4741	1
325	3046	1
325	4278	1
325	5217	1
325	4955	1
405	3865	1
405	725	1
405	2134	1
405	3979	1
405	3146	1
405	2549	1
405	945	1
405	3106	1
405	246	1
405	4828	1
405	601	1
405	3266	1
405	1660	1
405	2019	1
405	2777	1
405	1762	1
405	1662	1
454	5721	1
454	5653	1
454	4107	1
454	4964	1
454	3991	1
454	1497	1
454	4823	1
454	4244	1
454	5342	1
454	5325	1
454	5494	1
454	1053	1
454	2181	1
454	1401	1
454	5524	1
454	3338	1
454	5314	1
454	5650	1
454	5131	1
454	5407	1
454	4729	1
454	1280	1
454	446	1
454	3896	1
454	5130	1
454	5349	1
454	2013	1
454	4147	1
454	447	1
454	3446	1
454	2614	1
454	2815	1
454	1419	1
454	4055	1
454	5169	1
454	2014	1
454	5503	1
454	781	1
454	5728	1
454	4915	1
454	1655	1
454	4485	1
454	1372	1
454	4294	1
454	5534	1
454	4232	1
189	1156	1
189	2544	1
189	869	1
189	3376	1
189	3074	1
189	2670	1
284	1307	1
284	2326	1
284	1020	1
284	759	1
284	2848	1
284	3259	1
284	3776	1
284	983	1
284	1939	1
284	1330	1
284	3397	1
284	1597	1
284	2570	1
284	4410	1
284	1747	1
284	1682	1
284	2486	1
284	2528	1
284	1511	1
246	3010	1
246	358	1
246	5223	1
246	2473	1
246	2058	1
246	26	1
246	777	1
491	214	1
491	2214	1
491	1559	1
491	308	1
491	1261	1
364	3919	1
364	4269	1
364	5482	1
364	2494	1
364	5492	1
364	2737	1
364	5016	1
364	4403	1
364	2758	1
364	4134	1
364	4778	1
364	3054	1
364	777	1
364	3204	1
364	5172	1
364	5021	1
364	731	1
319	2733	1
319	1358	1
319	837	1
319	4545	1
135	5743	1
135	5325	1
135	1077	1
135	962	1
135	3716	1
135	1485	1
135	5742	1
135	5599	1
135	1062	1
135	5314	1
135	5476	1
135	1460	1
135	5578	1
135	923	1
135	397	1
135	2836	1
135	3303	1
135	2798	1
135	5036	1
135	598	1
135	5650	1
135	1996	1
135	3089	1
135	3402	1
135	2905	1
135	1348	1
135	4064	1
135	5656	1
135	2469	1
135	5710	1
135	5288	1
135	5556	1
135	5645	1
135	5631	1
135	4630	1
135	1409	1
135	2519	1
135	5568	1
135	1683	1
135	5017	1
135	5730	1
135	5671	1
135	926	1
135	2278	1
135	762	1
135	1210	1
135	3742	1
135	4960	1
135	4545	1
135	4426	1
135	2898	1
135	4047	1
135	1752	1
135	2931	1
135	1660	1
135	5013	1
135	3784	1
135	5503	1
135	4061	1
135	3708	1
135	2395	1
135	5515	1
135	2125	1
135	5468	1
135	5618	1
135	5456	1
135	1129	1
135	1786	1
135	5646	1
135	1858	1
135	4393	1
135	3786	1
135	1310	1
135	5708	1
135	1541	1
135	5576	1
135	4528	1
135	5534	1
135	2467	1
135	5001	1
135	4054	1
135	5524	1
135	5624	1
135	5716	1
135	1330	1
135	3991	1
135	2081	1
135	1376	1
135	2104	1
135	711	1
135	4857	1
135	5651	1
135	5481	1
135	2485	1
135	936	1
135	5680	1
135	651	1
135	1420	1
135	628	1
135	5741	1
135	3399	1
135	1782	1
135	3925	1
135	1301	1
135	5425	1
135	5537	1
135	5488	1
135	4232	1
135	1083	1
519	3537	1
519	4349	1
519	2136	1
519	1490	1
519	4129	1
519	3613	1
519	2254	1
519	1650	1
519	5695	1
519	4602	1
331	2156	1
331	3550	1
331	1886	1
331	1466	1
331	3990	1
331	3479	1
331	1727	1
331	2001	1
331	5620	1
331	632	1
331	2802	1
331	2590	1
331	2147	1
331	584	1
230	1758	1
230	4806	1
230	422	1
230	2341	1
187	5036	1
187	3376	1
187	1127	1
187	5132	1
187	2947	1
187	1710	1
187	4785	1
187	4898	1
187	4900	1
187	190	1
187	4635	1
691	4118	1
691	3820	1
691	1556	1
691	5298	1
691	2639	1
691	4179	1
691	1936	1
691	1313	1
691	1393	1
691	3482	1
691	3249	1
691	4284	1
691	334	1
691	617	1
691	3016	1
691	956	1
109	2929	1
109	2202	1
109	195	1
109	4409	1
109	742	1
109	1849	1
109	2516	1
109	973	1
109	3578	1
109	67	1
109	3844	1
408	2656	1
408	3405	1
408	1370	1
408	5024	1
238	4807	1
238	1108	1
238	499	1
238	4138	1
238	3709	1
238	2067	1
238	847	1
238	2157	1
238	2591	1
112	1037	1
112	2642	1
112	2390	1
112	5329	1
112	1781	1
112	1154	1
112	4019	1
112	5364	1
112	4926	1
112	4942	1
112	4538	1
100	5582	1
100	8	1
100	560	1
100	5534	1
100	5668	1
100	444	1
100	5624	1
100	5660	1
100	5373	1
100	4354	1
100	4664	1
100	1391	1
100	5711	1
100	4454	1
100	5741	1
100	4136	1
100	4954	1
100	5503	1
100	5013	1
100	5289	1
100	5351	1
100	5673	1
100	5425	1
100	4414	1
100	1541	1
100	5420	1
100	5198	1
100	5656	1
100	5524	1
100	4402	1
100	1083	1
100	5605	1
100	5255	1
100	5288	1
100	3891	1
100	2018	1
100	5526	1
100	2026	1
100	5456	1
100	657	1
100	4046	1
100	3780	1
100	3783	1
100	4532	1
100	5578	1
100	5704	1
100	5729	1
67	4227	1
67	709	1
67	3992	1
67	120	1
67	212	1
714	4222	1
714	167	1
714	3657	1
714	4383	1
714	4146	1
714	2941	1
157	4082	1
157	3257	1
157	5628	1
157	2832	1
157	1908	1
157	4742	1
157	4188	1
157	4333	1
157	1141	1
157	4062	1
157	3197	1
157	4930	1
157	4889	1
157	2081	1
157	1445	1
157	3874	1
157	3810	1
157	4256	1
157	1535	1
157	5490	1
157	5609	1
157	5698	1
157	5468	1
157	2034	1
157	4064	1
157	1086	1
157	449	1
157	4485	1
157	4386	1
157	1898	1
157	3449	1
157	5697	1
157	3393	1
157	442	1
157	3891	1
157	5291	1
157	568	1
157	5514	1
157	5071	1
157	1232	1
157	5488	1
157	3675	1
157	4899	1
157	4840	1
157	1672	1
157	1563	1
157	2320	1
157	665	1
157	4105	1
157	4060	1
157	2524	1
150	4768	1
150	1333	1
150	1791	1
150	3233	1
150	2789	1
150	1960	1
150	974	1
150	1628	1
150	1096	1
303	268	1
303	4783	1
303	1163	1
303	2290	1
15	2105	1
15	4942	1
15	4334	1
15	3891	1
15	4128	1
15	5219	1
15	3667	1
317	2878	1
317	2297	1
317	4039	1
317	2762	1
317	665	1
317	1546	1
97	1793	1
97	2045	1
97	1574	1
97	2718	1
97	5362	1
97	2846	1
97	717	1
97	5228	1
97	2144	1
97	3981	1
97	3609	1
97	4458	1
97	557	1
97	2889	1
97	387	1
97	25	1
97	721	1
97	3532	1
97	1136	1
97	4475	1
97	1692	1
97	4258	1
178	2697	1
178	4739	1
178	1243	1
178	4902	1
178	1214	1
178	606	1
178	5608	1
178	5511	1
229	5713	1
229	5244	1
229	2855	1
229	4889	1
229	1053	1
229	2971	1
229	5377	1
229	1117	1
229	2230	1
229	5351	1
229	5561	1
229	4357	1
229	5643	1
229	3009	1
229	2548	1
229	5456	1
229	3170	1
229	2566	1
229	5707	1
229	2	1
229	5610	1
229	4115	1
229	5684	1
229	865	1
229	3081	1
229	1799	1
229	1156	1
229	5480	1
229	2284	1
229	5476	1
229	1468	1
122	1114	1
122	4750	1
122	907	1
122	646	1
122	3853	1
122	1402	1
122	4530	1
122	3851	1
122	1072	1
122	1902	1
122	1317	1
260	1494	1
260	1900	1
260	500	1
260	2735	1
260	438	1
260	1934	1
260	4338	1
260	1790	1
468	2683	1
468	2946	1
468	3177	1
468	861	1
556	3578	1
556	622	1
556	1996	1
556	895	1
556	2694	1
254	858	1
254	1419	1
254	118	1
254	4209	1
138	2171	1
138	688	1
138	801	1
138	3956	1
138	1477	1
138	1182	1
138	2908	1
138	2182	1
138	2811	1
138	3505	1
138	721	1
138	2103	1
138	4357	1
138	2518	1
138	2970	1
138	425	1
138	1256	1
138	1644	1
138	3429	1
138	4267	1
138	3916	1
138	5561	1
138	602	1
138	1576	1
138	3664	1
138	1936	1
138	3925	1
138	4688	1
138	736	1
138	3178	1
138	2550	1
138	2385	1
138	4173	1
138	3393	1
138	1173	1
138	4707	1
138	2287	1
138	1240	1
138	1373	1
138	3276	1
138	2186	1
138	2685	1
138	5610	1
138	3388	1
138	5087	1
138	5135	1
138	4316	1
138	101	1
138	2589	1
138	2222	1
138	2896	1
138	871	1
138	2464	1
138	2784	1
138	710	1
741	4260	1
741	5403	1
741	3319	1
741	338	1
741	3421	1
741	1321	1
741	1145	1
741	178	1
301	3465	1
301	5592	1
301	3240	1
301	5732	1
301	1127	1
301	4688	1
301	3894	1
301	5387	1
301	5411	1
754	4714	1
754	1373	1
754	4715	1
754	4942	1
756	1408	1
756	1092	1
756	1253	1
756	888	1
756	1350	1
756	3212	1
756	2726	1
756	399	1
756	35	1
345	1653	1
345	1668	1
345	270	1
345	2730	1
345	1666	1
345	3031	1
345	3674	1
345	513	1
345	4678	1
345	1989	1
345	5007	1
345	1665	1
2	736	1
2	3397	1
2	1727	1
2	4688	1
2	4025	1
215	2746	1
215	3578	1
215	4745	1
215	4375	1
215	5299	1
215	4915	1
215	4537	1
215	3434	1
215	2360	1
215	4775	1
215	662	1
215	4544	1
215	4124	1
215	1239	1
215	3373	1
215	2155	1
215	2510	1
215	2071	1
253	2676	1
253	1874	1
253	2132	1
253	564	1
253	4662	1
253	685	1
253	1838	1
253	5441	1
253	4947	1
785	923	1
785	400	1
785	4199	1
785	752	1
785	2029	1
785	4743	1
622	4147	1
622	1224	1
622	2922	1
622	3229	1
622	1679	1
622	1728	1
622	3877	1
622	1984	1
622	1120	1
622	5330	1
622	1711	1
542	4909	1
542	5367	1
542	977	1
542	4077	1
542	1465	1
661	1053	1
661	491	1
661	3062	1
661	1938	1
731	5398	1
731	2872	1
731	2555	1
731	1940	1
383	1507	1
383	4701	1
383	4773	1
383	3521	1
383	3660	1
383	2084	1
383	1517	1
383	2475	1
383	1409	1
383	428	1
383	2577	1
383	1023	1
29	2770	1
29	2542	1
29	4640	1
29	4970	1
29	3557	1
29	1217	1
29	727	1
29	4902	1
29	3147	1
29	664	1
29	5567	1
29	979	1
29	2114	1
29	2131	1
29	4527	1
29	2627	1
29	2503	1
29	3930	1
29	5000	1
29	4534	1
29	2665	1
29	4892	1
29	1354	1
29	3808	1
29	956	1
29	4639	1
29	5467	1
29	768	1
29	1920	1
29	1954	1
29	4629	1
29	5530	1
29	5471	1
29	1204	1
29	4685	1
29	1238	1
29	4531	1
29	4891	1
29	3518	1
296	2941	1
296	2808	1
296	1430	1
296	1079	1
582	1728	1
582	259	1
582	1302	1
582	1996	1
582	1726	1
582	2816	1
582	4193	1
582	2560	1
582	5366	1
582	2310	1
582	3848	1
582	230	1
582	2677	1
762	4343	1
762	2603	1
762	5132	1
762	3276	1
762	1086	1
762	3626	1
762	1275	1
762	5610	1
762	2278	1
762	2467	1
762	2534	1
762	2972	1
762	2549	1
762	5561	1
315	4013	1
315	1859	1
315	2317	1
315	2385	1
315	5255	1
315	5712	1
315	1101	1
315	3879	1
315	3447	1
315	2261	1
315	4360	1
431	2168	1
431	3814	1
431	2632	1
431	4208	1
431	4132	1
431	1748	1
115	489	1
115	2031	1
115	1070	1
115	5148	1
115	2007	1
362	2446	1
362	771	1
362	1652	1
362	662	1
660	1942	1
660	538	1
660	3021	1
660	2633	1
660	90	1
660	1841	1
660	1236	1
660	2683	1
660	178	1
660	5078	1
660	272	1
660	4420	1
395	2736	1
395	2292	1
395	2475	1
395	818	1
395	1023	1
395	494	1
395	2794	1
645	535	1
645	5220	1
645	2720	1
645	3065	1
645	754	1
645	944	1
645	4884	1
645	1044	1
645	5282	1
645	1680	1
645	2556	1
645	4277	1
645	5337	1
645	995	1
645	5380	1
645	4592	1
645	3875	1
645	2129	1
645	55	1
645	1681	1
645	302	1
645	5623	1
23	3854	1
23	1581	1
23	1020	1
23	4244	1
23	2670	1
23	2680	1
23	1883	1
728	5336	1
728	5145	1
728	1449	1
728	3459	1
728	5349	1
728	4216	1
728	5414	1
728	550	1
728	5531	1
361	4176	1
361	447	1
361	3213	1
361	4612	1
432	3409	1
432	5589	1
432	988	1
432	5127	1
432	1083	1
432	5711	1
432	4159	1
432	5534	1
432	5129	1
432	5574	1
432	5124	1
432	1488	1
432	4996	1
432	4798	1
432	4970	1
432	5169	1
432	5524	1
432	3895	1
432	5606	1
432	5706	1
432	3425	1
432	3815	1
25	5703	1
25	5439	1
25	384	1
25	2272	1
25	2238	1
25	2674	1
25	2485	1
25	3332	1
25	1965	1
25	879	1
25	2972	1
25	5305	1
25	5407	1
25	4954	1
25	5288	1
25	5650	1
25	3629	1
25	5280	1
25	5702	1
25	3890	1
25	5656	1
25	1756	1
25	2245	1
25	5342	1
25	3115	1
25	5689	1
25	4773	1
25	2554	1
25	4791	1
25	4978	1
25	271	1
25	1354	1
25	5524	1
25	1754	1
25	5533	1
25	5123	1
25	2672	1
25	1837	1
25	3073	1
25	5425	1
25	2633	1
25	5743	1
25	268	1
25	5314	1
25	5450	1
25	2311	1
25	5503	1
25	5606	1
25	1740	1
25	1593	1
274	3277	1
274	1040	1
274	1440	1
274	4316	1
274	2158	1
274	1434	1
274	3365	1
274	878	1
274	3795	1
274	3271	1
274	2861	1
274	1826	1
274	1175	1
274	2867	1
274	5443	1
274	2334	1
274	3465	1
274	5419	1
274	2476	1
274	936	1
274	1476	1
274	3973	1
274	816	1
274	1799	1
274	1347	1
274	722	1
274	3158	1
274	2821	1
274	3549	1
274	400	1
274	5260	1
274	2329	1
274	2549	1
274	2225	1
274	2017	1
274	381	1
274	2941	1
274	2113	1
274	1694	1
151	2271	1
151	2684	1
151	1113	1
151	3528	1
151	906	1
151	1211	1
151	2983	1
151	2016	1
151	2414	1
151	2587	1
151	2403	1
151	4038	1
151	2386	1
151	3911	1
151	2294	1
151	1719	1
594	268	1
594	562	1
594	2437	1
594	298	1
532	1926	1
532	2582	1
532	2004	1
532	2062	1
532	5334	1
516	1884	1
516	1912	1
516	718	1
516	807	1
516	2879	1
516	2444	1
516	161	1
516	2448	1
516	909	1
736	223	1
736	3127	1
736	1259	1
736	1748	1
329	245	1
329	235	1
329	1160	1
329	2767	1
329	3816	1
329	400	1
329	434	1
329	3209	1
329	776	1
329	5692	1
329	3393	1
329	248	1
329	291	1
329	423	1
329	4519	1
329	2887	1
329	377	1
329	735	1
329	247	1
329	5624	1
329	5574	1
329	5610	1
329	386	1
329	3305	1
329	5348	1
329	5244	1
329	5032	1
329	2056	1
329	5538	1
329	2052	1
329	5614	1
329	1633	1
329	5625	1
329	254	1
329	1829	1
329	2331	1
329	407	1
329	3306	1
329	2218	1
329	67	1
329	2105	1
684	1221	1
684	2998	1
684	3334	1
684	645	1
684	1942	1
684	1920	1
684	867	1
721	3928	1
721	5400	1
721	2737	1
721	3752	1
721	5207	1
721	2086	1
721	5429	1
721	3716	1
721	1286	1
721	739	1
721	2816	1
721	3676	1
721	3942	1
721	2782	1
721	5380	1
721	2871	1
721	3991	1
721	4688	1
721	4514	1
721	2368	1
721	5059	1
721	2369	1
721	2349	1
721	2306	1
721	1281	1
721	1369	1
721	2177	1
721	3210	1
721	212	1
721	3129	1
149	3033	1
149	2469	1
149	322	1
149	1872	1
149	5524	1
149	375	1
149	5419	1
149	5302	1
149	5503	1
149	5004	1
149	5348	1
149	5017	1
149	2081	1
149	3236	1
149	5666	1
149	5288	1
149	2363	1
149	790	1
149	5653	1
149	5001	1
149	5645	1
149	5425	1
149	754	1
149	3363	1
149	4246	1
149	5314	1
149	5582	1
149	434	1
149	5344	1
149	5646	1
149	3991	1
149	5013	1
149	3328	1
149	5686	1
149	1935	1
149	2604	1
149	5652	1
149	4769	1
149	5303	1
149	3553	1
149	1434	1
149	2441	1
149	4781	1
149	3645	1
149	2105	1
149	5712	1
149	5743	1
149	1573	1
149	5255	1
149	5673	1
149	5233	1
149	2832	1
149	5456	1
149	5643	1
149	4980	1
149	2951	1
149	5106	1
149	4042	1
149	4951	1
149	5534	1
149	5725	1
149	5480	1
149	1592	1
149	5702	1
225	1280	1
225	4480	1
225	2921	1
225	940	1
225	3891	1
225	2005	1
225	3653	1
225	3220	1
225	447	1
225	3540	1
225	1136	1
225	1432	1
225	3085	1
225	3663	1
225	3125	1
606	5280	1
606	3332	1
606	5609	1
606	5542	1
606	2545	1
606	3402	1
606	3630	1
606	5403	1
606	4306	1
606	4716	1
606	4137	1
606	5300	1
606	4026	1
606	3882	1
606	2798	1
606	5526	1
250	2803	1
250	3768	1
250	5675	1
250	1928	1
250	3122	1
250	5682	1
250	841	1
250	5349	1
250	3798	1
250	4689	1
250	4031	1
250	5684	1
250	5380	1
250	3927	1
250	5394	1
250	5681	1
250	5610	1
250	2162	1
250	4281	1
250	5326	1
250	5731	1
250	5561	1
250	4141	1
250	5407	1
250	1126	1
250	3891	1
132	3058	1
132	2282	1
132	3411	1
132	2862	1
132	4350	1
132	2279	1
132	3319	1
132	3154	1
132	4385	1
132	2281	1
132	4777	1
132	3507	1
132	357	1
578	3069	1
578	2798	1
578	5741	1
578	4549	1
578	1374	1
578	5439	1
578	2153	1
578	5452	1
578	2131	1
578	2335	1
578	1436	1
578	5287	1
578	5509	1
578	5533	1
578	2549	1
578	951	1
578	5455	1
578	4423	1
578	3476	1
338	5327	1
338	3811	1
338	1176	1
338	213	1
338	3514	1
338	1534	1
338	1712	1
338	113	1
338	447	1
158	2430	1
158	578	1
158	2072	1
158	4374	1
158	2633	1
158	621	1
158	447	1
687	1021	1
687	2824	1
687	4192	1
687	3186	1
687	4225	1
687	2424	1
687	5374	1
286	3557	1
286	243	1
286	3223	1
286	2561	1
286	5412	1
286	2177	1
286	395	1
286	237	1
286	1765	1
286	599	1
286	1359	1
286	1596	1
286	1837	1
286	350	1
286	99	1
286	627	1
286	674	1
286	3412	1
286	4166	1
286	370	1
286	2808	1
286	3353	1
286	1543	1
286	52	1
286	492	1
286	2298	1
494	797	1
494	1739	1
494	2096	1
494	3481	1
494	1864	1
494	1053	1
494	2273	1
494	1207	1
494	420	1
494	5715	1
494	1769	1
494	2625	1
494	4326	1
448	63	1
448	1622	1
448	4246	1
448	4308	1
448	3669	1
448	3097	1
448	2556	1
448	5246	1
448	3622	1
471	5272	1
471	662	1
471	4019	1
471	2338	1
471	5530	1
226	344	1
226	2832	1
226	3630	1
226	4590	1
226	3112	1
226	1300	1
226	4081	1
226	3901	1
226	5469	1
226	2739	1
226	922	1
226	5500	1
306	2345	1
306	3659	1
306	3255	1
306	3288	1
306	4308	1
306	371	1
306	2344	1
306	3145	1
306	3892	1
306	115	1
306	3905	1
526	519	1
526	1695	1
526	3027	1
526	2366	1
526	1504	1
526	1903	1
526	4893	1
577	364	1
577	61	1
577	4706	1
577	4249	1
577	45	1
577	554	1
577	1713	1
577	5200	1
577	3295	1
759	4145	1
759	5197	1
759	5280	1
759	3716	1
759	1023	1
759	4357	1
759	5609	1
228	5095	1
228	1729	1
228	1450	1
228	3376	1
228	1301	1
228	3791	1
228	4916	1
228	2115	1
228	3341	1
228	5307	1
228	1654	1
228	1777	1
228	1971	1
228	3239	1
552	4238	1
552	3193	1
552	3933	1
552	4125	1
552	744	1
723	5014	1
723	1592	1
723	5304	1
723	5310	1
723	3339	1
367	3945	1
367	736	1
367	3077	1
367	1595	1
326	2125	1
326	5683	1
326	4156	1
326	3035	1
326	5561	1
326	3831	1
326	5494	1
326	5563	1
326	4332	1
326	3848	1
326	3363	1
326	2461	1
326	3565	1
326	2467	1
326	3925	1
326	1371	1
326	4354	1
326	4065	1
326	1130	1
326	1288	1
326	4296	1
326	3839	1
326	2239	1
326	4044	1
326	3726	1
326	4064	1
326	1157	1
326	3126	1
326	1673	1
326	4987	1
202	3276	1
202	524	1
202	2422	1
202	5502	1
202	4697	1
202	3513	1
202	5728	1
202	2152	1
202	3022	1
202	4656	1
202	4929	1
202	2120	1
202	64	1
202	2572	1
202	5698	1
202	2810	1
202	1364	1
202	2129	1
202	2942	1
202	1721	1
202	3188	1
202	571	1
22	3533	1
22	314	1
22	5160	1
22	1128	1
22	299	1
22	3759	1
22	3500	1
22	3337	1
22	2543	1
750	3839	1
750	5633	1
750	623	1
750	5131	1
750	3013	1
750	5710	1
750	4333	1
750	3881	1
750	3716	1
750	3418	1
750	5326	1
750	4588	1
750	441	1
750	1931	1
561	2749	1
561	2915	1
561	4090	1
561	3349	1
561	5267	1
561	2600	1
561	1150	1
561	133	1
561	5253	1
686	1670	1
686	2860	1
686	457	1
686	1630	1
686	1725	1
664	1800	1
664	3104	1
664	980	1
664	3434	1
664	3489	1
664	2915	1
664	4802	1
664	1344	1
664	2242	1
664	4801	1
664	4408	1
664	4852	1
664	2145	1
664	3105	1
34	796	1
34	1549	1
34	173	1
34	2067	1
34	2627	1
34	3421	1
175	5656	1
175	3626	1
175	5660	1
175	5743	1
175	5325	1
175	5503	1
175	5255	1
175	3047	1
175	5673	1
175	5598	1
175	5685	1
175	5420	1
175	3630	1
175	5524	1
175	5650	1
175	5729	1
175	5489	1
210	5326	1
210	5644	1
210	5575	1
210	3402	1
210	4494	1
210	5588	1
210	5476	1
210	4981	1
210	5563	1
210	1721	1
210	5407	1
210	4683	1
210	2121	1
210	1502	1
210	5736	1
210	5609	1
210	1821	1
210	1083	1
210	2649	1
210	3063	1
210	5380	1
210	5708	1
210	4752	1
210	5596	1
210	5684	1
210	5163	1
210	634	1
210	761	1
30	5357	1
30	1266	1
30	5105	1
30	2150	1
30	228	1
30	729	1
30	3619	1
30	3267	1
247	5533	1
247	936	1
247	3126	1
247	3155	1
247	280	1
634	160	1
634	4343	1
634	4517	1
634	1411	1
634	1039	1
634	2707	1
634	908	1
634	2226	1
634	829	1
634	3996	1
634	1475	1
634	560	1
634	3870	1
634	559	1
634	4075	1
634	2479	1
634	2710	1
634	2708	1
634	622	1
634	3457	1
634	2668	1
634	5447	1
634	1053	1
634	1279	1
634	1362	1
634	4417	1
634	2360	1
634	178	1
634	4962	1
672	2904	1
672	1696	1
672	1984	1
672	2000	1
672	2995	1
672	3877	1
672	318	1
672	5393	1
243	3475	1
243	461	1
243	1592	1
243	2569	1
769	4620	1
769	4287	1
769	159	1
769	4921	1
769	4750	1
769	4838	1
769	2478	1
769	2558	1
769	3915	1
769	3769	1
769	434	1
769	1923	1
769	1237	1
769	1362	1
769	2335	1
769	1773	1
769	1475	1
769	1414	1
769	640	1
769	3068	1
769	492	1
769	2423	1
769	2103	1
769	2623	1
769	1302	1
543	1772	1
543	3987	1
543	4443	1
543	5192	1
543	2622	1
543	4050	1
543	2224	1
543	2352	1
543	2174	1
543	795	1
738	4403	1
738	5179	1
738	2982	1
738	3100	1
738	5422	1
99	2416	1
99	2078	1
99	140	1
99	350	1
219	5100	1
219	316	1
219	313	1
219	4645	1
219	3392	1
219	2796	1
219	2117	1
219	1122	1
221	5073	1
221	746	1
221	2318	1
221	2267	1
221	773	1
221	4594	1
221	70	1
221	1771	1
221	3221	1
221	2108	1
616	935	1
616	2265	1
616	1968	1
616	971	1
616	3393	1
148	630	1
148	4750	1
148	663	1
148	261	1
312	1999	1
312	4297	1
312	256	1
312	2627	1
312	1024	1
312	4618	1
312	4431	1
312	4451	1
312	4616	1
312	2568	1
312	4056	1
312	4329	1
312	2372	1
312	5238	1
312	1472	1
312	1920	1
312	967	1
312	569	1
312	5464	1
312	5236	1
312	1479	1
462	7	1
462	5175	1
462	3213	1
462	4465	1
153	1503	1
153	2753	1
153	447	1
153	1368	1
272	1083	1
272	5610	1
272	3215	1
272	3529	1
272	2082	1
272	5708	1
272	2468	1
272	5419	1
272	4046	1
272	4433	1
272	2828	1
272	5568	1
272	2657	1
272	5624	1
272	1301	1
272	5013	1
272	4478	1
272	5726	1
272	5697	1
272	5288	1
272	2553	1
272	5667	1
272	1750	1
517	2772	1
517	3212	1
517	815	1
517	185	1
517	765	1
517	814	1
154	1944	1
154	3010	1
154	83	1
154	2556	1
154	2190	1
214	2658	1
214	5610	1
214	3401	1
214	5302	1
214	5264	1
214	4598	1
214	5561	1
214	460	1
214	4337	1
214	4688	1
214	4820	1
214	3798	1
214	1273	1
214	4361	1
214	4919	1
214	4941	1
214	5466	1
214	4689	1
214	1366	1
214	397	1
214	1521	1
214	5468	1
214	4554	1
214	4321	1
214	4861	1
214	1406	1
214	4302	1
214	4888	1
214	4602	1
214	1575	1
214	1987	1
214	1247	1
214	2162	1
214	3040	1
214	2498	1
214	4785	1
214	2836	1
451	3332	1
451	2435	1
451	2493	1
451	3056	1
451	3280	1
451	4328	1
134	4076	1
134	5487	1
134	280	1
134	2203	1
134	5408	1
134	1946	1
134	4347	1
134	4681	1
134	1904	1
134	4857	1
134	1215	1
134	954	1
134	3755	1
134	184	1
134	3440	1
134	1869	1
134	4834	1
134	514	1
134	3254	1
134	5079	1
134	4146	1
134	4526	1
134	1322	1
134	5587	1
134	2790	1
134	2067	1
134	1631	1
134	3950	1
134	627	1
134	5014	1
134	688	1
134	3064	1
134	2109	1
134	341	1
134	5170	1
134	2968	1
134	4933	1
134	3648	1
134	577	1
134	2942	1
134	5583	1
134	529	1
134	4191	1
134	4570	1
134	2085	1
134	3282	1
134	5286	1
134	152	1
134	44	1
134	427	1
134	5621	1
134	3102	1
134	2300	1
134	1818	1
134	2301	1
134	5006	1
134	1854	1
134	2191	1
134	3691	1
134	2648	1
134	2227	1
134	527	1
134	5691	1
134	3244	1
134	3769	1
134	4796	1
134	5524	1
134	1492	1
134	1696	1
134	2630	1
134	1461	1
134	84	1
134	1891	1
134	5087	1
134	2076	1
134	140	1
134	5573	1
134	4747	1
134	5019	1
134	2730	1
134	3344	1
134	5332	1
134	3662	1
134	1892	1
134	4952	1
134	4711	1
134	2644	1
134	1343	1
134	5516	1
134	2190	1
134	4676	1
134	5114	1
134	5315	1
134	1745	1
134	3713	1
134	1920	1
134	2330	1
134	2450	1
134	2886	1
134	3336	1
134	3642	1
134	396	1
134	240	1
134	520	1
134	3478	1
134	5330	1
134	976	1
134	3442	1
134	4103	1
134	2323	1
134	111	1
134	5144	1
134	2037	1
134	2087	1
134	5262	1
134	2258	1
134	5062	1
134	1035	1
134	1966	1
134	2903	1
134	3774	1
134	255	1
134	2376	1
134	2505	1
134	2123	1
134	4833	1
134	3852	1
134	4228	1
134	5181	1
134	2660	1
134	3206	1
134	5159	1
134	3438	1
134	5359	1
134	2429	1
732	4421	1
732	3235	1
732	2165	1
732	4684	1
732	4112	1
732	3237	1
732	2441	1
732	5217	1
732	3991	1
732	1083	1
732	3482	1
732	1931	1
732	4547	1
732	1406	1
379	1981	1
379	2754	1
379	2401	1
379	4753	1
379	3252	1
379	5604	1
379	3423	1
379	5000	1
379	2687	1
379	3041	1
379	4499	1
379	1220	1
379	4914	1
379	1485	1
776	1978	1
776	947	1
776	764	1
776	5370	1
776	4236	1
776	4671	1
776	4486	1
776	5634	1
776	2241	1
776	641	1
21	3705	1
21	4254	1
21	4242	1
21	2906	1
21	1360	1
21	3686	1
433	2859	1
433	1448	1
433	3117	1
433	3493	1
433	3022	1
433	4903	1
433	2704	1
433	1804	1
433	1095	1
20	2081	1
20	2097	1
20	3974	1
20	1435	1
20	3720	1
20	517	1
20	516	1
20	522	1
610	3734	1
610	3557	1
610	4883	1
610	5509	1
610	3211	1
610	3891	1
610	5738	1
610	2942	1
610	2919	1
610	1075	1
610	3004	1
610	857	1
610	1799	1
610	3258	1
610	3390	1
610	3698	1
610	280	1
610	5260	1
610	5610	1
610	2210	1
610	2867	1
610	4108	1
610	3842	1
610	3398	1
693	5171	1
693	3007	1
693	3287	1
693	4037	1
693	507	1
693	3330	1
693	2812	1
624	2173	1
624	3916	1
624	4736	1
624	4502	1
624	728	1
411	3798	1
411	5711	1
411	3099	1
411	2579	1
411	1351	1
411	3255	1
411	4078	1
411	4752	1
248	3347	1
248	3342	1
248	145	1
248	1983	1
248	92	1
248	5358	1
248	4917	1
248	4843	1
248	4510	1
248	307	1
248	1941	1
248	2963	1
248	823	1
248	933	1
248	3869	1
248	965	1
248	1116	1
248	3704	1
248	3283	1
248	146	1
248	5538	1
248	3381	1
248	3724	1
248	514	1
248	3777	1
248	3380	1
248	824	1
248	2044	1
248	1798	1
248	1413	1
248	832	1
743	4207	1
743	4752	1
743	4586	1
743	1726	1
743	5466	1
743	5530	1
743	3815	1
743	5326	1
743	5575	1
335	3958	1
335	23	1
335	1399	1
335	2499	1
335	3036	1
335	2999	1
335	2419	1
335	649	1
335	2312	1
335	406	1
335	3117	1
335	3078	1
335	4624	1
335	846	1
335	3051	1
262	5143	1
262	2468	1
262	3323	1
262	5731	1
262	5626	1
262	5449	1
262	5615	1
262	5386	1
262	5739	1
262	5450	1
262	4219	1
107	3030	1
107	3168	1
107	2534	1
107	4664	1
107	1877	1
627	4168	1
627	3217	1
627	4566	1
627	2412	1
627	4708	1
627	2643	1
627	3621	1
627	2797	1
627	2842	1
627	4270	1
627	1587	1
127	3798	1
127	2468	1
127	4864	1
127	2659	1
127	4357	1
127	1705	1
608	5371	1
608	5533	1
608	5431	1
608	117	1
608	5066	1
608	5382	1
608	1115	1
608	5060	1
608	2425	1
608	4938	1
608	982	1
608	5303	1
608	4817	1
608	936	1
608	1336	1
608	3643	1
608	3644	1
608	1062	1
608	2331	1
608	5106	1
608	301	1
608	4160	1
608	5456	1
608	709	1
608	3458	1
608	4035	1
608	5504	1
608	5302	1
608	1837	1
608	4278	1
608	4980	1
608	5741	1
608	2427	1
608	4821	1
608	3509	1
608	1747	1
608	5575	1
608	390	1
608	5410	1
608	5480	1
608	178	1
608	3465	1
608	5050	1
6	5560	1
6	1180	1
6	4196	1
6	5659	1
6	2470	1
126	2855	1
126	1788	1
126	5466	1
126	4416	1
126	3319	1
126	2469	1
347	4561	1
347	3627	1
347	5348	1
347	5717	1
347	481	1
347	4340	1
347	4392	1
347	2949	1
347	5473	1
347	5215	1
347	3171	1
347	947	1
347	2105	1
347	4898	1
436	1022	1
436	900	1
436	2647	1
436	3663	1
114	4998	1
114	1090	1
114	5388	1
114	3038	1
114	5539	1
579	3339	1
579	68	1
579	787	1
579	2305	1
579	3088	1
611	2267	1
611	3420	1
611	5003	1
611	1083	1
611	3768	1
611	5697	1
611	3627	1
611	5515	1
611	5476	1
611	5403	1
611	4831	1
611	1406	1
611	397	1
611	5187	1
611	5661	1
611	5710	1
161	1422	1
161	923	1
161	1550	1
161	2583	1
699	3001	1
699	1696	1
699	600	1
699	1749	1
82	2888	1
82	1817	1
82	4875	1
82	5118	1
82	562	1
479	733	1
479	5699	1
479	5344	1
479	5342	1
479	5439	1
479	5348	1
479	400	1
479	2831	1
479	882	1
479	5349	1
479	5244	1
479	1996	1
479	5710	1
479	5728	1
604	5128	1
604	5723	1
604	1064	1
604	2081	1
604	397	1
604	1008	1
604	5330	1
604	5575	1
604	1893	1
604	5530	1
604	1837	1
604	850	1
604	5466	1
604	2834	1
604	4039	1
683	5728	1
683	5377	1
683	2831	1
683	3417	1
31	2694	1
31	565	1
31	3416	1
31	5701	1
31	1690	1
31	5743	1
31	506	1
31	4627	1
31	5456	1
31	5047	1
31	3123	1
31	3119	1
31	4950	1
31	1747	1
31	4423	1
31	574	1
31	1198	1
31	757	1
31	139	1
31	5574	1
31	1562	1
31	1670	1
31	455	1
31	4786	1
31	1569	1
31	137	1
31	4406	1
31	2381	1
31	5524	1
31	3328	1
31	5503	1
31	103	1
31	495	1
586	2799	1
586	1800	1
586	3444	1
586	1841	1
131	158	1
131	3934	1
131	5204	1
131	3752	1
131	3	1
131	1291	1
131	460	1
131	911	1
131	675	1
131	1915	1
131	2656	1
131	1837	1
131	2087	1
131	3292	1
131	5489	1
131	2263	1
131	3753	1
131	5420	1
131	923	1
131	3937	1
131	1769	1
131	3697	1
131	3199	1
131	3109	1
131	1196	1
131	101	1
131	1930	1
131	1618	1
131	3751	1
131	1292	1
131	3114	1
131	1097	1
131	2235	1
131	332	1
131	987	1
131	5456	1
131	5479	1
131	1330	1
131	1537	1
244	1045	1
244	3604	1
244	3603	1
244	4029	1
636	2149	1
636	2677	1
636	1794	1
636	3893	1
267	4750	1
267	5131	1
267	3948	1
267	1851	1
267	1	1
267	4590	1
267	3496	1
267	5133	1
267	2154	1
267	5632	1
267	4268	1
267	4679	1
267	3402	1
267	3520	1
267	2515	1
267	3390	1
267	2885	1
267	3698	1
267	4742	1
267	4534	1
267	5199	1
353	3462	1
353	501	1
353	1763	1
353	2667	1
353	2646	1
353	5074	1
353	1262	1
353	2696	1
353	3682	1
353	3860	1
353	1529	1
353	3671	1
353	4014	1
353	5054	1
353	5316	1
87	891	1
87	3178	1
87	398	1
87	3268	1
564	1081	1
564	5111	1
564	2820	1
564	2453	1
564	4055	1
18	3397	1
18	2941	1
18	3447	1
18	4534	1
18	1441	1
18	4688	1
18	2421	1
18	3263	1
18	1330	1
18	2367	1
18	3808	1
18	2081	1
18	1605	1
18	3373	1
18	2389	1
18	3843	1
18	4552	1
18	1676	1
18	5093	1
18	5660	1
83	5658	1
83	2779	1
83	4311	1
83	2956	1
83	5379	1
83	5029	1
739	4080	1
739	1766	1
739	1600	1
739	196	1
8	1571	1
8	2388	1
8	1509	1
8	3390	1
719	3354	1
719	2053	1
719	1973	1
719	387	1
719	4312	1
719	3166	1
195	4259	1
195	604	1
195	2915	1
195	1862	1
195	1005	1
195	1627	1
195	4273	1
195	854	1
195	5517	1
195	4347	1
195	1767	1
195	766	1
195	721	1
195	1140	1
195	2177	1
195	115	1
195	2027	1
195	3218	1
195	4022	1
195	222	1
195	3430	1
195	2677	1
195	1686	1
195	1330	1
195	749	1
195	2902	1
195	5554	1
195	1483	1
195	853	1
195	5442	1
553	4364	1
553	1311	1
553	1231	1
553	1513	1
553	1734	1
553	1844	1
553	3275	1
583	3180	1
583	3636	1
583	4126	1
583	1837	1
583	5660	1
583	537	1
583	268	1
583	272	1
583	5246	1
583	2457	1
583	3698	1
583	1003	1
583	3196	1
583	3260	1
583	2738	1
583	1395	1
583	2372	1
583	4755	1
396	3297	1
396	4833	1
396	3369	1
396	4394	1
197	960	1
197	1920	1
197	1435	1
197	4231	1
197	239	1
197	981	1
197	4000	1
197	4155	1
197	4654	1
197	4912	1
197	1143	1
197	4836	1
197	4415	1
197	2692	1
197	95	1
197	3050	1
197	330	1
197	1250	1
197	2266	1
197	2990	1
197	3079	1
197	2465	1
197	4976	1
197	3000	1
197	3253	1
197	1043	1
197	1894	1
197	2343	1
197	2055	1
197	1396	1
197	2098	1
197	98	1
197	2597	1
197	88	1
197	4266	1
197	1865	1
197	1109	1
197	1339	1
197	618	1
197	3492	1
197	822	1
197	4984	1
197	3801	1
197	87	1
197	701	1
197	5324	1
197	1381	1
197	721	1
506	774	1
506	887	1
506	64	1
506	4442	1
506	233	1
506	5039	1
506	4839	1
506	2884	1
506	886	1
506	3133	1
506	3770	1
506	162	1
506	1540	1
506	3504	1
506	4186	1
506	2853	1
506	1845	1
506	661	1
506	5119	1
119	845	1
119	1520	1
119	3415	1
119	3043	1
128	4114	1
128	4658	1
128	5070	1
128	3501	1
128	1695	1
128	1023	1
128	5024	1
234	3491	1
234	20	1
234	139	1
234	4454	1
234	5390	1
234	4424	1
234	1054	1
234	5268	1
234	5300	1
234	18	1
234	19	1
234	4912	1
234	5450	1
234	1439	1
234	5100	1
234	4864	1
234	3058	1
234	5527	1
234	504	1
234	1666	1
168	4470	1
168	789	1
168	1552	1
168	3332	1
251	1293	1
251	5094	1
251	2133	1
251	5196	1
251	3131	1
251	3242	1
644	2865	1
644	2283	1
644	770	1
644	3926	1
644	2012	1
644	4005	1
91	3580	1
91	1129	1
91	3125	1
91	1059	1
209	1921	1
209	2511	1
209	4124	1
209	2883	1
209	1013	1
209	605	1
209	3880	1
209	1185	1
209	3921	1
209	2497	1
256	4804	1
256	1587	1
256	4874	1
256	3546	1
256	3305	1
256	1685	1
334	2948	1
334	3031	1
334	3101	1
334	2521	1
222	3127	1
222	2791	1
222	781	1
222	3460	1
222	346	1
222	3711	1
222	1424	1
222	873	1
222	3985	1
222	1813	1
222	2792	1
382	4306	1
382	3698	1
382	3946	1
382	4567	1
382	4042	1
382	3574	1
382	3014	1
382	3977	1
382	3299	1
382	4411	1
382	3232	1
382	3390	1
382	2365	1
382	3526	1
382	4055	1
382	4205	1
590	3693	1
590	4315	1
590	783	1
590	5662	1
3	4072	1
3	1470	1
3	3288	1
3	3600	1
293	3493	1
293	3219	1
293	3366	1
293	2325	1
293	4141	1
293	1296	1
293	4232	1
293	172	1
293	4784	1
293	5345	1
123	1663	1
123	1662	1
123	3092	1
123	1664	1
439	2935	1
439	2471	1
439	3116	1
439	3261	1
439	4101	1
439	75	1
439	4143	1
439	2276	1
439	181	1
184	2546	1
184	3225	1
184	4616	1
184	233	1
184	3473	1
429	3744	1
429	4140	1
429	2967	1
429	1244	1
429	4523	1
534	2664	1
534	5658	1
534	2176	1
534	2406	1
534	4405	1
534	4802	1
674	1488	1
674	1837	1
674	3334	1
674	1169	1
674	2139	1
674	4943	1
674	3746	1
674	4648	1
674	5544	1
674	4260	1
674	1285	1
674	3731	1
674	1747	1
674	400	1
674	372	1
674	4	1
674	5545	1
674	5438	1
775	2856	1
775	3373	1
775	1743	1
775	573	1
669	2621	1
669	2655	1
669	4878	1
669	1652	1
669	2502	1
669	3139	1
669	4390	1
669	5265	1
669	4617	1
669	4982	1
669	5478	1
669	5224	1
669	992	1
669	4353	1
669	4204	1
84	5445	1
84	1599	1
84	1587	1
84	1148	1
84	5673	1
84	5721	1
84	5687	1
84	5325	1
84	5718	1
84	1419	1
84	1629	1
84	5742	1
84	5712	1
84	5694	1
84	1762	1
84	5255	1
40	2883	1
40	4750	1
40	533	1
40	2164	1
40	2802	1
365	5529	1
365	4361	1
365	729	1
365	540	1
365	5565	1
365	2941	1
365	1419	1
365	1093	1
365	5112	1
365	5559	1
365	3698	1
391	241	1
391	468	1
391	821	1
391	2788	1
391	3397	1
391	5185	1
391	4802	1
391	1016	1
391	4968	1
391	5297	1
391	2924	1
391	4592	1
391	963	1
391	2594	1
391	260	1
391	730	1
391	2758	1
391	5348	1
391	3421	1
391	1098	1
391	2124	1
391	413	1
391	122	1
391	1198	1
391	3978	1
391	3566	1
391	501	1
391	322	1
391	3286	1
391	1658	1
391	1344	1
391	2991	1
391	535	1
486	2015	1
486	553	1
486	280	1
486	5077	1
486	1002	1
486	2881	1
486	4887	1
486	3178	1
486	2658	1
706	2611	1
706	3139	1
706	604	1
706	2584	1
706	2982	1
340	2612	1
340	2775	1
340	46	1
340	22	1
340	3693	1
340	2950	1
340	3567	1
340	2626	1
340	4344	1
340	349	1
340	2286	1
340	999	1
340	4778	1
340	1693	1
340	3010	1
252	4568	1
252	4416	1
252	3263	1
252	2430	1
252	4297	1
252	1530	1
252	379	1
252	3815	1
770	3766	1
770	4710	1
770	1920	1
770	2900	1
770	4986	1
770	1544	1
770	5629	1
770	1543	1
770	1776	1
770	2839	1
770	2036	1
770	2080	1
770	5240	1
770	2409	1
770	4131	1
770	2602	1
770	4649	1
770	3072	1
770	4376	1
298	1659	1
298	1197	1
298	5321	1
298	1199	1
298	5034	1
298	767	1
298	5035	1
298	4653	1
505	1687	1
505	1909	1
505	4195	1
505	2530	1
546	5142	1
546	532	1
546	2717	1
546	4512	1
546	4251	1
546	2483	1
26	3404	1
26	4011	1
26	2354	1
26	1200	1
761	754	1
761	2930	1
761	2700	1
761	2643	1
761	2053	1
761	735	1
761	142	1
761	3162	1
761	2481	1
761	558	1
761	3847	1
761	258	1
761	641	1
761	856	1
705	3296	1
705	3184	1
705	2925	1
705	2756	1
705	564	1
705	3270	1
705	1331	1
705	1616	1
705	2138	1
705	1052	1
539	1060	1
539	429	1
539	4988	1
539	4460	1
539	1355	1
539	5416	1
539	1133	1
539	1166	1
539	1306	1
539	2349	1
539	2721	1
539	3584	1
539	4239	1
539	5028	1
539	5135	1
539	4465	1
539	4892	1
539	1588	1
539	3693	1
539	1457	1
539	2698	1
539	2321	1
539	4025	1
539	2348	1
539	4956	1
539	2559	1
539	4989	1
539	1932	1
539	1269	1
539	2460	1
539	1162	1
539	2065	1
539	3572	1
539	5456	1
539	3345	1
539	3319	1
539	2437	1
539	1434	1
539	491	1
539	1057	1
539	2208	1
539	3083	1
539	1034	1
539	3500	1
539	1055	1
539	2169	1
539	1839	1
539	2768	1
539	2677	1
539	1110	1
685	5648	1
685	2188	1
685	3254	1
685	1111	1
685	5679	1
592	3434	1
592	741	1
592	2313	1
592	3730	1
592	388	1
592	210	1
592	3789	1
592	3339	1
592	169	1
592	5247	1
592	1485	1
592	389	1
592	121	1
592	2166	1
592	831	1
592	1678	1
592	1410	1
592	173	1
592	2432	1
592	1647	1
592	15	1
592	261	1
592	166	1
592	3238	1
592	2255	1
592	3201	1
592	50	1
592	77	1
592	40	1
592	1312	1
592	3441	1
592	3788	1
592	997	1
592	72	1
592	768	1
592	1615	1
592	689	1
592	1825	1
592	3908	1
592	4760	1
592	4863	1
592	3202	1
592	796	1
592	3392	1
592	163	1
592	3341	1
592	1717	1
592	469	1
592	2516	1
592	1827	1
592	893	1
592	1454	1
592	1202	1
597	1800	1
597	871	1
597	1587	1
597	2874	1
751	3467	1
751	1326	1
751	2229	1
751	1531	1
751	2692	1
751	1711	1
172	5525	1
172	4199	1
172	4200	1
172	3426	1
527	154	1
527	4595	1
527	189	1
527	4788	1
527	1263	1
527	1451	1
527	71	1
527	2740	1
527	2190	1
527	143	1
527	3816	1
416	4688	1
416	606	1
416	4689	1
416	4640	1
416	4864	1
621	853	1
621	4026	1
621	2580	1
621	1436	1
745	3957	1
745	4812	1
745	955	1
745	751	1
213	5404	1
213	2193	1
213	1971	1
213	3966	1
213	236	1
213	610	1
213	2894	1
213	4031	1
213	1501	1
213	2680	1
213	993	1
213	3944	1
213	2618	1
688	4437	1
688	1006	1
688	1015	1
688	947	1
688	4068	1
688	1018	1
688	1947	1
688	4742	1
688	5104	1
688	5278	1
688	972	1
688	3311	1
688	1017	1
688	576	1
452	3028	1
452	4020	1
452	4712	1
452	49	1
452	2708	1
452	4742	1
452	702	1
277	382	1
277	2813	1
277	5389	1
277	5348	1
277	1001	1
277	1063	1
277	5609	1
277	3455	1
277	1053	1
277	4016	1
277	3447	1
277	5466	1
277	5049	1
277	4941	1
277	3192	1
277	2633	1
277	2169	1
277	1102	1
277	5244	1
277	4864	1
663	1587	1
663	4417	1
663	847	1
663	1920	1
753	3074	1
753	459	1
753	1802	1
753	1505	1
753	3807	1
753	626	1
753	117	1
753	5484	1
753	3493	1
753	3320	1
753	3150	1
753	3075	1
753	3965	1
194	3099	1
194	2626	1
194	3355	1
194	398	1
194	2941	1
194	1352	1
194	2327	1
194	3247	1
194	4528	1
194	4306	1
194	3907	1
194	4942	1
428	5575	1
428	5530	1
428	5728	1
428	4826	1
428	5100	1
428	5227	1
428	1945	1
428	1896	1
428	1293	1
428	3323	1
428	5144	1
428	3324	1
489	4480	1
489	680	1
489	4515	1
489	562	1
489	5595	1
489	402	1
489	4355	1
489	2954	1
489	1505	1
489	2918	1
489	3488	1
489	4769	1
489	1506	1
708	2854	1
708	2513	1
708	3098	1
708	3276	1
708	4352	1
708	1078	1
781	3451	1
781	2993	1
781	2175	1
781	4313	1
781	1920	1
781	2088	1
781	4134	1
171	2927	1
171	2575	1
171	2095	1
171	384	1
171	1945	1
171	4711	1
171	2941	1
171	1747	1
171	610	1
171	1566	1
171	1896	1
171	310	1
171	1373	1
407	2638	1
407	3580	1
407	1992	1
407	1952	1
727	2022	1
727	39	1
727	2915	1
727	1176	1
727	2067	1
727	1119	1
727	594	1
727	4093	1
727	1389	1
727	71	1
727	3713	1
727	3394	1
727	4109	1
727	469	1
727	504	1
727	40	1
727	1957	1
727	3334	1
727	3234	1
727	4170	1
727	2449	1
727	1539	1
727	4464	1
727	3414	1
727	3515	1
727	3289	1
727	555	1
116	2783	1
116	5040	1
116	1289	1
116	1847	1
71	3462	1
71	110	1
71	4320	1
71	103	1
71	2250	1
71	3638	1
68	2342	1
68	1528	1
68	2903	1
68	5093	1
68	2344	1
68	954	1
68	5176	1
68	263	1
68	614	1
68	2823	1
68	5634	1
68	5642	1
68	1461	1
68	4829	1
68	4177	1
68	3375	1
677	4047	1
677	4898	1
677	4356	1
677	4972	1
677	4064	1
677	4185	1
677	4063	1
677	3317	1
677	481	1
677	5413	1
677	5609	1
677	5383	1
677	5135	1
677	3867	1
677	5292	1
677	5128	1
677	2105	1
677	4388	1
358	5195	1
358	64	1
358	4817	1
358	1443	1
358	4087	1
358	3678	1
358	4314	1
473	3546	1
473	4401	1
473	3218	1
473	4129	1
473	1685	1
473	2549	1
473	2441	1
473	4428	1
54	127	1
54	712	1
54	4285	1
54	2333	1
54	1700	1
54	3140	1
54	2693	1
54	5353	1
54	5678	1
54	1248	1
54	3834	1
54	1474	1
54	4276	1
54	3348	1
54	5322	1
54	2370	1
54	3302	1
54	3722	1
54	1421	1
54	4288	1
54	4553	1
467	651	1
467	3222	1
467	2554	1
467	1307	1
467	1308	1
467	1950	1
467	1230	1
352	4997	1
352	5600	1
352	5387	1
352	4244	1
352	3823	1
352	5391	1
236	5496	1
236	5348	1
236	1321	1
236	4891	1
236	1179	1
236	5139	1
236	4752	1
236	3568	1
236	5561	1
236	5610	1
291	156	1
291	1601	1
291	716	1
291	4241	1
291	157	1
291	596	1
291	3019	1
291	714	1
423	4432	1
423	5350	1
423	1931	1
423	3867	1
423	4335	1
313	5053	1
313	4970	1
313	5377	1
313	5268	1
313	3210	1
321	2751	1
321	3581	1
321	4634	1
321	1986	1
321	2857	1
321	4436	1
321	5280	1
321	698	1
321	3693	1
321	3018	1
321	2221	1
321	1519	1
321	1901	1
321	2571	1
321	4249	1
321	5380	1
786	2308	1
786	5016	1
786	2955	1
786	3517	1
786	2941	1
376	3839	1
376	4756	1
376	4900	1
376	4110	1
237	2564	1
237	360	1
237	686	1
237	1365	1
237	2040	1
237	1362	1
237	1462	1
237	143	1
700	1931	1
700	3221	1
700	2915	1
700	5229	1
700	1920	1
700	4590	1
700	4334	1
69	3856	1
69	2467	1
69	5107	1
69	2067	1
69	3396	1
69	3871	1
69	1920	1
69	3291	1
69	5573	1
69	2040	1
69	4830	1
69	5156	1
69	5640	1
69	4802	1
413	1971	1
413	2379	1
413	3283	1
413	3762	1
413	3173	1
413	447	1
413	2567	1
413	446	1
413	2121	1
413	1087	1
413	5148	1
413	1621	1
713	5364	1
713	4688	1
713	3245	1
713	3840	1
746	1735	1
746	3145	1
746	3191	1
746	210	1
746	79	1
746	3795	1
412	4833	1
412	1112	1
412	1365	1
412	4822	1
412	982	1
412	175	1
412	1014	1
412	2883	1
412	357	1
412	1390	1
412	2449	1
412	3341	1
412	74	1
412	752	1
412	1081	1
412	3600	1
412	1774	1
412	103	1
412	169	1
412	3367	1
332	3359	1
332	3024	1
332	3199	1
332	178	1
332	390	1
332	610	1
430	2161	1
430	647	1
430	4021	1
430	1863	1
563	839	1
563	2251	1
563	4602	1
563	4675	1
563	2254	1
89	3461	1
89	2838	1
89	4265	1
89	3995	1
89	3137	1
89	2913	1
89	4233	1
89	683	1
19	995	1
19	5569	1
19	2067	1
19	5183	1
19	3049	1
264	4015	1
264	2309	1
264	2194	1
264	1947	1
264	3341	1
264	622	1
322	1931	1
322	1198	1
322	2252	1
322	1049	1
322	5660	1
322	327	1
322	3393	1
192	5605	1
192	5364	1
192	3695	1
192	2441	1
308	4187	1
308	2448	1
308	4191	1
308	4546	1
308	3024	1
574	3541	1
574	410	1
574	1380	1
574	3003	1
55	5196	1
55	116	1
55	2216	1
55	2883	1
55	1881	1
55	4453	1
55	982	1
55	4971	1
55	3886	1
55	4777	1
55	4847	1
497	3002	1
497	1245	1
497	3132	1
497	4010	1
497	3304	1
497	2702	1
497	3159	1
497	2847	1
497	676	1
607	1367	1
607	259	1
607	3797	1
607	546	1
57	4628	1
57	3008	1
57	4974	1
57	1595	1
57	4182	1
57	3693	1
57	796	1
201	1921	1
201	3315	1
201	3225	1
201	4612	1
201	4721	1
201	4511	1
201	4856	1
201	2658	1
224	197	1
224	1388	1
224	4468	1
224	2774	1
224	1341	1
224	3821	1
224	798	1
288	4361	1
288	2110	1
288	1137	1
288	4345	1
498	4431	1
498	3167	1
498	4944	1
498	3397	1
498	1891	1
498	4240	1
498	2619	1
498	3938	1
498	2953	1
498	5512	1
498	2358	1
498	1373	1
498	2818	1
498	1759	1
498	2141	1
498	1409	1
498	1139	1
498	2412	1
498	4025	1
498	1507	1
498	2715	1
498	5513	1
397	3471	1
397	1190	1
397	123	1
397	5230	1
397	4500	1
397	4728	1
397	1179	1
397	4202	1
397	385	1
397	1497	1
397	4604	1
397	854	1
397	4201	1
397	1100	1
397	1914	1
397	4555	1
397	3306	1
477	3818	1
477	1685	1
477	4699	1
477	4001	1
205	5647	1
205	4541	1
205	4977	1
205	5064	1
280	510	1
280	2192	1
280	2443	1
280	2917	1
280	5553	1
280	2319	1
280	511	1
125	1733	1
125	1406	1
125	5468	1
125	3208	1
125	860	1
125	2443	1
125	5128	1
125	5613	1
125	3773	1
125	5611	1
66	159	1
66	1346	1
66	2151	1
66	1412	1
139	4163	1
139	4264	1
139	3966	1
139	2522	1
139	4802	1
139	4104	1
139	4194	1
139	3508	1
139	4379	1
139	1939	1
139	4552	1
139	4058	1
139	1013	1
139	5312	1
139	1229	1
139	2067	1
139	569	1
139	1172	1
139	2761	1
518	3127	1
518	5284	1
518	3091	1
518	3760	1
518	3422	1
11	1479	1
11	169	1
11	2977	1
11	1730	1
460	2372	1
460	2810	1
460	2316	1
460	4489	1
460	3190	1
460	2098	1
460	1671	1
460	3808	1
460	3429	1
460	3653	1
460	4455	1
460	1834	1
460	3735	1
460	343	1
460	543	1
735	3617	1
735	5696	1
735	2957	1
735	3136	1
136	1525	1
136	3813	1
136	1246	1
136	651	1
17	2417	1
17	3857	1
17	4213	1
17	3580	1
17	2883	1
44	459	1
44	1803	1
44	3435	1
44	1732	1
44	376	1
44	3685	1
643	1892	1
643	3300	1
643	4057	1
643	2029	1
643	2422	1
643	3993	1
50	1920	1
50	2751	1
50	4735	1
50	1080	1
50	741	1
50	1880	1
470	3522	1
470	1357	1
470	1303	1
470	1164	1
470	4013	1
470	1549	1
305	1730	1
305	4043	1
305	2060	1
305	1299	1
305	3775	1
79	5046	1
79	2053	1
79	4885	1
79	4750	1
79	3781	1
79	3717	1
79	2244	1
535	2496	1
535	206	1
535	589	1
535	1084	1
535	231	1
535	3285	1
535	4226	1
535	1778	1
535	1314	1
535	1327	1
535	660	1
535	2268	1
535	2723	1
535	4814	1
535	207	1
535	5084	1
535	4837	1
535	552	1
535	1551	1
535	827	1
535	2051	1
535	1181	1
535	2289	1
535	4842	1
535	2148	1
535	2640	1
535	5494	1
535	1712	1
535	1675	1
766	3680	1
766	5097	1
766	2800	1
766	2145	1
766	4784	1
766	4777	1
766	4203	1
766	4916	1
387	1811	1
387	2442	1
387	2462	1
387	4342	1
387	2911	1
387	2456	1
387	2339	1
387	2458	1
387	2459	1
387	285	1
387	914	1
387	4091	1
387	1276	1
269	3139	1
269	939	1
269	5444	1
269	4538	1
269	5360	1
269	990	1
269	2454	1
269	2965	1
142	164	1
142	4879	1
142	1059	1
142	4189	1
142	4657	1
142	3084	1
455	1258	1
455	2179	1
455	4661	1
455	2767	1
455	4616	1
455	365	1
257	4164	1
257	1990	1
257	1784	1
257	978	1
524	2585	1
524	5281	1
524	418	1
524	2480	1
572	1849	1
572	1022	1
572	4086	1
572	957	1
572	4095	1
572	4867	1
572	1833	1
760	2039	1
760	2575	1
760	2250	1
760	5011	1
760	524	1
760	4577	1
760	4030	1
760	4215	1
760	4774	1
760	3673	1
760	669	1
760	2886	1
760	2941	1
421	5627	1
421	4186	1
421	5654	1
421	5633	1
421	1153	1
421	5456	1
421	5380	1
421	5098	1
421	5548	1
421	1417	1
668	4702	1
668	1595	1
668	1840	1
668	3454	1
668	2180	1
668	476	1
668	1274	1
668	4939	1
668	3646	1
668	289	1
668	4642	1
668	1975	1
668	2422	1
668	2613	1
668	3964	1
668	4144	1
668	2883	1
668	3741	1
668	5554	1
668	4265	1
668	912	1
668	3693	1
668	1829	1
668	2417	1
668	133	1
668	724	1
668	1592	1
668	4746	1
668	1670	1
668	4887	1
668	5426	1
668	5465	1
668	2452	1
668	905	1
752	4306	1
752	3484	1
752	3808	1
752	753	1
96	279	1
96	3849	1
96	3390	1
96	5080	1
96	2941	1
218	1278	1
218	2504	1
218	1209	1
218	3394	1
218	3284	1
342	5271	1
342	4640	1
342	3925	1
342	2549	1
342	2757	1
342	4541	1
342	1715	1
342	1183	1
342	2029	1
342	4935	1
342	2094	1
342	4303	1
342	1480	1
342	4152	1
342	4765	1
342	5155	1
342	3228	1
342	3058	1
342	1820	1
342	5332	1
342	1930	1
342	5235	1
342	4918	1
342	1859	1
342	3466	1
342	3300	1
342	4088	1
342	2228	1
342	4522	1
342	5249	1
342	498	1
342	4851	1
342	1176	1
342	1931	1
342	2296	1
342	2892	1
342	1939	1
342	3189	1
342	72	1
342	1749	1
342	2745	1
342	3134	1
342	3414	1
342	3078	1
342	4750	1
342	2506	1
342	2573	1
342	1922	1
342	4730	1
342	874	1
342	556	1
342	2187	1
463	1587	1
463	3562	1
463	4286	1
463	997	1
463	69	1
463	2901	1
463	998	1
768	4336	1
768	3893	1
768	4638	1
768	2207	1
768	5045	1
768	5333	1
768	1587	1
768	126	1
7	1939	1
7	2547	1
7	266	1
7	1727	1
7	2663	1
7	1734	1
170	4603	1
170	1807	1
170	4127	1
170	3651	1
170	3006	1
609	2940	1
609	2559	1
609	265	1
609	409	1
609	3578	1
609	1337	1
609	4550	1
609	1272	1
609	364	1
609	736	1
609	691	1
609	1964	1
609	820	1
609	538	1
609	462	1
609	268	1
609	4652	1
609	3125	1
609	2353	1
609	3447	1
609	1605	1
609	2177	1
609	3263	1
609	3598	1
386	3153	1
386	1482	1
386	536	1
386	5263	1
386	3559	1
386	2373	1
386	713	1
166	5471	1
166	4424	1
166	4864	1
166	1307	1
166	5318	1
725	5466	1
725	4587	1
725	5543	1
725	5199	1
757	3936	1
757	4833	1
757	4331	1
757	3802	1
757	2067	1
757	4959	1
757	2512	1
46	3698	1
46	2399	1
46	2918	1
46	3397	1
46	1457	1
46	3390	1
46	1727	1
302	3575	1
302	3885	1
302	5010	1
302	4301	1
302	1363	1
302	1587	1
695	3664	1
695	3390	1
695	1418	1
695	1977	1
32	2599	1
32	426	1
32	3138	1
32	715	1
32	2588	1
32	211	1
32	1341	1
32	2645	1
32	450	1
32	995	1
32	466	1
32	292	1
32	3362	1
32	251	1
32	224	1
32	27	1
32	1959	1
32	154	1
32	78	1
32	819	1
32	2356	1
32	447	1
32	1820	1
32	2495	1
32	32	1
32	3020	1
32	3688	1
32	31	1
32	250	1
32	3059	1
32	2111	1
32	2727	1
32	2181	1
32	4814	1
32	3314	1
32	60	1
32	3863	1
32	94	1
32	1751	1
32	82	1
32	2249	1
32	642	1
32	2990	1
113	2578	1
113	5295	1
113	4890	1
113	4992	1
113	2895	1
113	2439	1
113	3447	1
177	4488	1
177	897	1
177	3221	1
177	3793	1
160	5723	1
160	5373	1
160	5600	1
160	3393	1
160	755	1
160	5602	1
160	560	1
777	448	1
777	1028	1
777	437	1
777	3316	1
777	1165	1
777	2364	1
777	4759	1
777	4568	1
777	3809	1
777	2933	1
777	3891	1
777	2009	1
777	335	1
777	3149	1
777	4190	1
777	1649	1
777	1623	1
777	4813	1
480	4084	1
480	2810	1
480	3390	1
480	2116	1
480	1333	1
541	2342	1
541	405	1
541	4186	1
541	4456	1
541	4819	1
541	1714	1
198	5711	1
198	4389	1
198	4646	1
198	5574	1
198	5407	1
782	1853	1
782	3039	1
782	2385	1
782	3101	1
9	107	1
9	3900	1
9	1953	1
9	2981	1
9	1701	1
9	104	1
9	5489	1
9	472	1
9	4592	1
9	3563	1
9	2028	1
9	4545	1
9	5524	1
9	682	1
9	232	1
9	756	1
9	4012	1
9	4086	1
9	715	1
9	14	1
9	1124	1
9	3060	1
9	3986	1
9	1688	1
9	654	1
9	1234	1
9	178	1
9	424	1
9	1123	1
9	3564	1
9	930	1
9	1273	1
9	616	1
9	5425	1
9	970	1
9	1215	1
9	4387	1
9	1233	1
9	3554	1
9	3971	1
9	3772	1
9	2277	1
9	275	1
9	497	1
9	1465	1
9	3335	1
9	5456	1
9	4769	1
9	652	1
9	496	1
9	1920	1
9	102	1
9	103	1
9	3551	1
9	1009	1
9	687	1
9	3632	1
9	4610	1
9	3562	1
9	3816	1
9	1146	1
9	2199	1
9	1069	1
9	2781	1
9	1278	1
9	2211	1
9	4439	1
457	3287	1
457	736	1
457	3130	1
457	5505	1
457	1381	1
457	5146	1
689	3117	1
689	5134	1
689	3078	1
689	1216	1
472	949	1
472	745	1
472	3301	1
472	3730	1
159	4360	1
159	2142	1
159	5153	1
159	2509	1
667	1452	1
667	5114	1
667	4179	1
667	4851	1
715	1407	1
715	2837	1
715	4985	1
715	2405	1
670	2106	1
670	171	1
670	1913	1
670	84	1
670	2885	1
670	836	1
670	4520	1
670	1478	1
670	3113	1
670	2009	1
670	2617	1
670	792	1
670	1103	1
670	937	1
670	693	1
670	1929	1
670	2677	1
670	4961	1
670	964	1
670	5257	1
670	4963	1
670	4601	1
670	4343	1
670	2407	1
670	3413	1
670	1977	1
670	323	1
670	320	1
670	3368	1
670	2517	1
670	3601	1
670	3951	1
670	4990	1
670	3952	1
670	5189	1
670	695	1
670	2130	1
670	1985	1
670	3904	1
670	1611	1
670	3111	1
670	692	1
670	694	1
670	2629	1
670	749	1
670	3605	1
670	1152	1
670	2750	1
670	296	1
670	1068	1
670	3087	1
670	509	1
130	3728	1
130	1518	1
130	589	1
130	1956	1
130	4456	1
38	2816	1
38	3386	1
38	5580	1
38	1085	1
38	3728	1
38	3618	1
38	5558	1
38	4257	1
38	4934	1
38	4352	1
38	3820	1
38	1619	1
180	3519	1
180	5090	1
180	4821	1
180	3376	1
217	4793	1
217	4940	1
217	5436	1
217	1378	1
217	4521	1
217	4693	1
217	4009	1
217	5298	1
217	4802	1
217	3995	1
217	4671	1
217	687	1
217	5152	1
217	5570	1
217	4750	1
217	1937	1
106	5728	1
106	5032	1
106	2095	1
106	1993	1
106	1514	1
707	5685	1
707	942	1
707	5731	1
707	4891	1
707	5682	1
707	4688	1
707	5638	1
707	4365	1
707	1307	1
707	5633	1
707	5530	1
143	1190	1
143	609	1
143	2198	1
143	4866	1
143	4247	1
143	1527	1
143	5402	1
143	4171	1
143	2899	1
143	3082	1
143	1689	1
143	652	1
143	5276	1
143	3331	1
143	1208	1
143	2807	1
143	326	1
143	2140	1
143	3690	1
143	4882	1
143	3576	1
143	5673	1
682	3578	1
682	2305	1
682	2555	1
682	4549	1
682	2787	1
682	4621	1
682	1970	1
703	1967	1
703	1119	1
703	283	1
703	4474	1
703	1149	1
703	3080	1
703	1980	1
703	3453	1
703	3187	1
703	5571	1
703	4835	1
703	5535	1
703	1030	1
703	4151	1
711	1410	1
711	4557	1
711	917	1
711	3747	1
711	3490	1
711	3586	1
711	4770	1
711	3441	1
711	4174	1
105	348	1
105	5697	1
105	4697	1
105	5431	1
105	2105	1
105	5032	1
673	2817	1
673	5071	1
673	5673	1
673	1213	1
673	5013	1
673	1795	1
673	4485	1
673	4078	1
673	5479	1
673	5486	1
673	5383	1
673	5273	1
673	4129	1
758	4370	1
758	2593	1
758	3272	1
758	2941	1
758	3169	1
758	2799	1
758	2264	1
758	4492	1
758	2304	1
758	3600	1
758	3893	1
758	148	1
758	3276	1
758	1744	1
295	1924	1
295	3224	1
295	4370	1
295	1455	1
295	2849	1
295	898	1
102	5409	1
102	3175	1
102	5165	1
102	477	1
425	4493	1
425	1457	1
425	2473	1
425	158	1
425	43	1
417	4425	1
417	5692	1
417	4635	1
417	4424	1
729	2042	1
729	2371	1
729	737	1
729	3767	1
183	1824	1
183	4944	1
183	5135	1
183	3397	1
183	1868	1
183	187	1
183	2677	1
356	272	1
356	566	1
356	565	1
356	2725	1
427	1473	1
427	2400	1
427	877	1
427	1058	1
427	3468	1
427	1718	1
427	2627	1
427	419	1
427	325	1
239	3060	1
239	3358	1
239	3265	1
239	3652	1
239	2231	1
764	4013	1
764	281	1
764	4623	1
764	4429	1
764	871	1
81	2291	1
81	203	1
81	1295	1
81	1147	1
641	1374	1
641	4896	1
641	3922	1
641	1467	1
641	3599	1
641	1555	1
641	56	1
641	4895	1
697	3645	1
697	3841	1
697	2507	1
697	2514	1
697	1478	1
75	5504	1
75	5	1
75	5667	1
75	5420	1
75	5718	1
75	5351	1
75	3410	1
75	5325	1
75	5419	1
75	5456	1
75	5534	1
75	5670	1
75	5480	1
75	2944	1
75	5044	1
75	5741	1
75	3546	1
75	5424	1
80	4700	1
80	361	1
80	2747	1
80	4306	1
80	1709	1
80	2183	1
80	700	1
80	5182	1
80	1887	1
80	3580	1
80	972	1
80	4576	1
80	2336	1
80	1640	1
80	1956	1
80	1343	1
80	2049	1
80	5088	1
80	5109	1
80	4035	1
80	5293	1
80	2722	1
80	2006	1
80	912	1
80	4932	1
14	929	1
14	2825	1
14	2666	1
14	2969	1
14	2936	1
14	119	1
14	2492	1
363	4134	1
363	2430	1
363	4027	1
363	4771	1
676	3961	1
676	3858	1
676	1854	1
676	404	1
676	478	1
733	4181	1
733	565	1
733	2377	1
733	3394	1
733	3883	1
733	5037	1
733	1875	1
204	802	1
204	3600	1
204	3923	1
204	2685	1
357	259	1
357	1876	1
357	1536	1
357	1624	1
596	2909	1
596	2101	1
596	613	1
596	4597	1
141	3230	1
141	2489	1
141	3765	1
141	870	1
141	726	1
141	3763	1
141	1847	1
141	3692	1
141	4431	1
141	3647	1
141	1200	1
141	2902	1
141	3397	1
141	4456	1
141	1617	1
98	4032	1
98	1828	1
98	2941	1
98	4318	1
98	3434	1
98	1812	1
98	4462	1
98	2934	1
98	4626	1
98	71	1
98	1099	1
98	435	1
98	386	1
98	4527	1
98	4174	1
98	1507	1
98	400	1
318	1585	1
318	3790	1
318	2773	1
318	1463	1
318	792	1
318	3884	1
318	173	1
318	4524	1
318	3211	1
318	3341	1
318	3894	1
318	132	1
318	1318	1
318	175	1
318	1804	1
318	1073	1
392	2877	1
392	58	1
392	183	1
392	1389	1
392	261	1
392	2967	1
392	5082	1
392	1456	1
392	65	1
392	41	1
392	184	1
392	1000	1
392	4614	1
392	525	1
392	2053	1
392	4377	1
392	530	1
392	1492	1
392	0	1
392	3970	1
190	1533	1
190	4599	1
190	461	1
190	4506	1
652	5492	1
652	4934	1
652	2962	1
652	1643	1
289	3090	1
289	3216	1
289	255	1
289	3698	1
289	651	1
43	1835	1
43	1888	1
43	80	1
43	1487	1
43	1885	1
43	437	1
43	4174	1
43	721	1
43	2986	1
43	1873	1
43	3498	1
324	3925	1
324	3611	1
324	4814	1
324	4765	1
324	5308	1
328	464	1
328	4679	1
328	1184	1
328	255	1
328	5076	1
290	912	1
290	2726	1
290	4758	1
290	2675	1
290	3221	1
290	2313	1
369	721	1
369	1498	1
369	2224	1
369	272	1
722	1557	1
722	1560	1
722	3636	1
722	758	1
722	4495	1
529	1252	1
529	925	1
529	1816	1
529	1604	1
529	4324	1
529	1601	1
529	575	1
314	1887	1
314	4776	1
314	4458	1
314	732	1
76	2050	1
76	261	1
76	2627	1
76	4049	1
76	5630	1
76	2067	1
76	4849	1
76	2555	1
76	3263	1
76	2557	1
76	4999	1
76	5722	1
76	3698	1
76	5376	1
76	5383	1
76	400	1
76	3434	1
76	272	1
76	4360	1
374	1323	1
374	3440	1
374	3922	1
374	132	1
374	4762	1
374	3445	1
374	463	1
374	4124	1
458	3509	1
458	3045	1
458	483	1
458	2826	1
458	2146	1
458	5395	1
458	5330	1
458	1704	1
458	4558	1
458	3493	1
458	4682	1
458	5728	1
458	4100	1
458	3377	1
458	1703	1
458	4559	1
458	4803	1
458	4357	1
458	4272	1
458	1371	1
458	4598	1
458	1702	1
528	4848	1
528	4490	1
528	5338	1
528	5222	1
528	4322	1
528	3693	1
528	3086	1
528	5590	1
528	2984	1
562	464	1
562	5115	1
562	3201	1
562	1201	1
562	1646	1
523	290	1
523	3157	1
523	1747	1
523	3826	1
523	3725	1
523	4117	1
493	3733	1
493	1067	1
493	2038	1
493	2634	1
493	651	1
493	4868	1
493	1284	1
493	3160	1
493	1285	1
493	2033	1
493	3968	1
493	4630	1
493	1994	1
493	896	1
493	1213	1
493	1181	1
493	1842	1
493	5212	1
493	1507	1
493	3364	1
493	5018	1
493	5394	1
493	3312	1
59	913	1
59	4212	1
59	4437	1
59	4372	1
59	3579	1
59	2502	1
59	91	1
140	402	1
140	1158	1
140	4946	1
140	4615	1
681	5075	1
681	5094	1
681	583	1
681	2883	1
681	3499	1
681	5580	1
681	3133	1
681	5405	1
681	4507	1
681	1730	1
681	398	1
681	3384	1
681	1439	1
681	939	1
469	2053	1
469	2686	1
469	4726	1
469	5347	1
469	4031	1
613	4615	1
613	5641	1
613	3637	1
613	2444	1
613	4578	1
613	719	1
613	2525	1
613	4341	1
1	4761	1
1	2819	1
1	3227	1
1	3888	1
330	2166	1
330	716	1
330	2397	1
330	1132	1
330	1587	1
359	4767	1
359	3057	1
359	4298	1
359	2768	1
147	3656	1
147	5718	1
147	3737	1
147	956	1
147	257	1
147	5654	1
147	5713	1
147	5425	1
147	5255	1
147	5667	1
147	2302	1
147	5578	1
147	1586	1
147	5113	1
147	5666	1
147	3477	1
147	3061	1
147	5650	1
147	5730	1
147	5742	1
147	5671	1
147	5729	1
147	5688	1
147	2919	1
147	3983	1
147	5476	1
147	5325	1
147	2488	1
147	5534	1
147	5743	1
147	5572	1
147	5503	1
147	5694	1
147	5716	1
147	1875	1
147	5735	1
350	2463	1
350	5690	1
350	5380	1
350	2538	1
350	491	1
350	302	1
350	1608	1
145	3990	1
145	5191	1
145	4719	1
145	3867	1
145	4348	1
145	300	1
145	4352	1
145	4720	1
145	3117	1
145	2127	1
145	1323	1
145	2864	1
145	836	1
145	4405	1
145	2827	1
145	3066	1
145	4509	1
78	5245	1
78	2926	1
78	5009	1
78	5072	1
78	4648	1
78	3108	1
78	4615	1
450	4572	1
450	1750	1
450	3796	1
450	721	1
450	866	1
450	181	1
450	387	1
450	5283	1
450	2675	1
450	726	1
450	3319	1
450	4422	1
450	4833	1
85	5649	1
85	5033	1
85	3016	1
85	5301	1
85	2067	1
85	912	1
85	1228	1
85	3263	1
85	5158	1
85	2935	1
85	5655	1
85	360	1
85	5177	1
85	2996	1
85	5125	1
85	4093	1
85	266	1
85	4237	1
85	4672	1
85	1724	1
571	4491	1
571	3653	1
571	5418	1
571	4252	1
571	4211	1
571	2920	1
571	2372	1
571	3014	1
437	3897	1
437	3328	1
437	5343	1
437	2584	1
585	1134	1
585	4248	1
585	3954	1
585	4174	1
292	2398	1
292	3402	1
292	4334	1
292	5733	1
292	3723	1
292	2112	1
292	5127	1
531	1991	1
531	5154	1
531	1626	1
531	4908	1
531	1642	1
424	1949	1
424	3679	1
424	9	1
424	2399	1
424	2661	1
424	2185	1
424	317	1
424	3277	1
424	3862	1
424	354	1
424	323	1
424	446	1
424	144	1
424	1270	1
424	1222	1
424	4928	1
424	2970	1
424	3351	1
424	3846	1
424	1287	1
424	3319	1
424	261	1
424	3868	1
424	3200	1
424	2964	1
424	528	1
424	3120	1
424	1587	1
424	4431	1
232	2243	1
232	2810	1
232	193	1
232	2446	1
211	1866	1
211	3615	1
211	3838	1
211	4862	1
211	4240	1
211	309	1
211	2025	1
211	1917	1
211	4218	1
240	3477	1
240	4188	1
240	3637	1
240	2436	1
639	4959	1
639	4795	1
639	3401	1
639	3014	1
639	5401	1
320	4936	1
320	3117	1
320	2062	1
320	615	1
320	4144	1
320	2728	1
320	1988	1
203	1351	1
203	4239	1
203	2461	1
203	300	1
203	2270	1
203	3331	1
199	3829	1
199	2069	1
199	1023	1
199	1170	1
199	4516	1
188	4440	1
188	4089	1
188	309	1
188	4626	1
188	1189	1
188	4028	1
410	2229	1
410	2040	1
410	4833	1
410	1484	1
410	2897	1
410	1049	1
410	4041	1
410	735	1
410	3700	1
422	4412	1
422	132	1
422	2351	1
422	2128	1
573	3524	1
573	2067	1
573	227	1
573	4907	1
573	525	1
573	4585	1
573	3397	1
573	4704	1
573	2223	1
573	648	1
573	138	1
573	5103	1
573	534	1
573	4059	1
573	594	1
573	3918	1
573	530	1
573	4772	1
573	1261	1
5	5016	1
5	4080	1
5	1426	1
5	4031	1
5	1842	1
5	4615	1
5	1032	1
5	2277	1
5	2958	1
5	3632	1
74	5610	1
74	5476	1
74	5349	1
74	5650	1
74	5456	1
74	5637	1
74	5645	1
74	5198	1
74	5575	1
74	5504	1
74	5203	1
74	5606	1
74	475	1
74	5669	1
74	5656	1
74	5534	1
74	5503	1
74	5660	1
74	5568	1
74	5718	1
74	5561	1
74	5556	1
74	4885	1
74	5288	1
74	4232	1
74	5646	1
74	5524	1
74	5314	1
74	5219	1
74	5651	1
74	4750	1
74	4469	1
74	5425	1
74	5213	1
285	3991	1
285	4973	1
285	1265	1
285	3160	1
737	4366	1
737	2535	1
737	946	1
737	1861	1
737	3538	1
737	3194	1
42	3035	1
42	1645	1
42	3891	1
42	3756	1
42	2563	1
522	4881	1
522	3608	1
522	116	1
522	2135	1
133	2187	1
133	3313	1
133	1167	1
133	3640	1
133	5428	1
133	4068	1
133	2734	1
133	2361	1
133	2280	1
133	4040	1
133	4611	1
133	1587	1
133	5140	1
133	261	1
133	5346	1
133	3679	1
133	1104	1
133	3497	1
133	4631	1
133	3093	1
294	871	1
294	3361	1
294	4859	1
294	2933	1
393	3131	1
393	1511	1
393	2508	1
393	1927	1
393	428	1
73	5235	1
73	5147	1
73	4158	1
73	1567	1
73	5250	1
73	4364	1
73	5403	1
73	4931	1
73	169	1
538	2627	1
538	2241	1
538	3054	1
538	3558	1
538	2247	1
538	1122	1
692	3255	1
692	1068	1
692	3998	1
692	5493	1
499	1570	1
499	5277	1
499	2325	1
499	1188	1
499	1438	1
499	1762	1
499	2755	1
366	4477	1
366	4234	1
366	4802	1
366	4537	1
366	5294	1
366	4969	1
366	4857	1
366	2502	1
366	3611	1
366	4901	1
544	1906	1
544	417	1
544	437	1
544	1764	1
648	225	1
648	220	1
648	4556	1
648	3655	1
648	3379	1
648	5091	1
648	756	1
648	4162	1
648	2586	1
648	2127	1
648	4668	1
90	1723	1
90	952	1
90	3469	1
90	545	1
631	4636	1
631	1749	1
631	4263	1
631	2883	1
402	2896	1
402	4718	1
402	4073	1
402	3591	1
402	5270	1
402	5610	1
402	5180	1
402	3866	1
402	4568	1
402	4915	1
402	5487	1
402	4212	1
402	3043	1
402	4964	1
402	5231	1
402	930	1
402	774	1
402	4711	1
402	5330	1
402	5575	1
402	1834	1
402	5693	1
402	2394	1
402	4750	1
402	5068	1
709	4279	1
709	3055	1
709	5092	1
709	1445	1
709	5392	1
709	4449	1
593	4471	1
593	2527	1
593	4237	1
593	1740	1
593	3749	1
593	1753	1
593	921	1
316	380	1
316	4683	1
316	4312	1
316	3693	1
316	1830	1
316	3736	1
316	1333	1
316	1920	1
316	5066	1
316	671	1
316	3136	1
603	809	1
603	3352	1
603	2520	1
603	1196	1
603	1891	1
603	4963	1
603	3536	1
603	3585	1
603	5211	1
603	1842	1
245	5098	1
245	752	1
245	3225	1
245	4912	1
245	4876	1
245	4877	1
245	2308	1
401	5609	1
401	2941	1
401	5131	1
401	5383	1
401	5377	1
401	5561	1
401	627	1
598	4574	1
598	2552	1
598	1134	1
598	3899	1
598	3354	1
598	1048	1
598	2923	1
598	4823	1
598	3760	1
598	3225	1
598	3913	1
598	3326	1
124	5676	1
124	3125	1
124	5266	1
124	4380	1
478	4134	1
478	5170	1
478	5165	1
478	4669	1
478	5323	1
478	3410	1
449	607	1
449	2189	1
449	2724	1
449	888	1
449	1510	1
600	1246	1
600	3924	1
600	2920	1
600	537	1
600	255	1
600	3543	1
671	3325	1
671	3221	1
671	3696	1
671	2805	1
60	3654	1
60	3856	1
60	5532	1
60	2669	1
275	5005	1
275	2523	1
275	2851	1
275	1632	1
275	4235	1
275	875	1
275	1627	1
207	1062	1
207	5487	1
207	3329	1
207	1171	1
440	2064	1
440	982	1
440	3120	1
440	994	1
440	4378	1
310	357	1
310	1846	1
310	989	1
310	3679	1
310	5597	1
310	202	1
310	4711	1
310	4003	1
310	4319	1
310	4770	1
310	1730	1
310	2223	1
310	5061	1
51	3042	1
51	1976	1
51	3939	1
51	5396	1
86	1362	1
86	697	1
86	1365	1
86	3703	1
748	2302	1
748	2090	1
748	1716	1
748	932	1
748	2380	1
748	1787	1
748	255	1
748	2581	1
748	884	1
748	572	1
162	2791	1
162	3389	1
162	534	1
162	141	1
162	3976	1
162	4362	1
162	3474	1
162	4217	1
162	1325	1
162	1587	1
456	4703	1
456	2698	1
456	2024	1
456	4367	1
456	3448	1
456	1328	1
456	852	1
456	4049	1
580	3624	1
580	3623	1
580	4409	1
580	1088	1
156	4868	1
156	4524	1
156	3756	1
156	2813	1
156	816	1
156	4131	1
156	2487	1
156	5162	1
156	4411	1
156	3757	1
156	1578	1
156	2043	1
156	5505	1
156	4833	1
156	4306	1
156	2816	1
718	2695	1
718	1086	1
718	547	1
718	5552	1
718	5344	1
718	5705	1
718	5364	1
718	3225	1
718	3208	1
718	5551	1
718	4670	1
718	5594	1
718	1105	1
718	5550	1
718	5475	1
718	3991	1
718	2347	1
718	2350	1
223	3510	1
223	4615	1
223	2551	1
223	4571	1
223	3982	1
266	491	1
266	1022	1
266	2505	1
266	845	1
266	560	1
266	2422	1
266	4220	1
487	3620	1
487	1293	1
487	1397	1
487	4750	1
487	4995	1
487	5261	1
487	3181	1
371	1549	1
371	3837	1
371	1730	1
371	2125	1
371	2449	1
371	3557	1
371	2484	1
179	2606	1
179	1580	1
179	3878	1
179	4343	1
617	3531	1
617	5057	1
617	2916	1
617	953	1
724	5128	1
724	2057	1
724	3396	1
724	3146	1
724	4931	1
724	1755	1
724	2748	1
152	703	1
152	678	1
152	158	1
152	48	1
152	1421	1
545	4920	1
545	5309	1
545	1223	1
545	5562	1
545	982	1
788	5278	1
788	4945	1
788	1167	1
788	4294	1
346	2378	1
346	936	1
346	2041	1
346	4411	1
346	4869	1
346	5419	1
346	5213	1
508	5218	1
508	5196	1
508	2592	1
508	3803	1
508	624	1
508	4647	1
508	5549	1
508	2008	1
508	5663	1
348	986	1
348	971	1
348	2269	1
348	3263	1
348	651	1
348	288	1
620	2712	1
620	4927	1
620	3172	1
620	4787	1
620	4551	1
620	3902	1
620	2030	1
620	1920	1
558	3225	1
558	4300	1
558	5226	1
558	1033	1
558	3263	1
587	484	1
587	4727	1
587	4669	1
587	2941	1
70	3243	1
70	2315	1
70	230	1
70	5584	1
354	4271	1
354	3076	1
354	3497	1
354	4696	1
484	4484	1
484	2833	1
484	4306	1
484	4625	1
588	4250	1
588	4581	1
588	4580	1
588	1382	1
588	4910	1
588	4519	1
588	4481	1
588	115	1
182	3560	1
182	4407	1
182	4360	1
182	4499	1
182	679	1
182	5202	1
182	4858	1
182	656	1
182	2451	1
182	1832	1
182	3578	1
182	4949	1
182	2607	1
182	3610	1
182	1684	1
182	4854	1
182	1961	1
182	3616	1
182	1121	1
182	1852	1
182	2355	1
182	1835	1
94	4938	1
94	3322	1
94	3768	1
94	1282	1
94	3390	1
94	2627	1
94	1867	1
94	1277	1
94	1309	1
94	2506	1
94	650	1
94	4749	1
94	2332	1
278	2474	1
278	446	1
278	4124	1
278	3977	1
278	5487	1
278	494	1
278	4750	1
278	4441	1
278	5383	1
278	3118	1
173	3025	1
173	4448	1
173	3397	1
173	3743	1
173	4602	1
48	3771	1
48	1010	1
48	5635	1
48	5030	1
48	4523	1
48	1568	1
48	734	1
547	4725	1
547	3835	1
547	3661	1
547	4134	1
747	4918	1
747	29	1
747	2196	1
747	3800	1
747	754	1
747	1814	1
747	4764	1
747	5120	1
747	4924	1
747	1796	1
403	4904	1
403	1879	1
403	4052	1
403	3256	1
403	3619	1
403	267	1
403	67	1
403	796	1
403	3534	1
403	4548	1
403	4975	1
403	173	1
403	2431	1
403	4476	1
403	365	1
403	347	1
403	3392	1
403	175	1
403	360	1
403	2433	1
403	1538	1
403	3931	1
492	4958	1
492	2491	1
492	5012	1
492	4144	1
492	3702	1
492	5518	1
492	678	1
492	3307	1
492	100	1
492	3710	1
492	3374	1
614	2896	1
614	3001	1
614	777	1
614	2372	1
614	454	1
614	4282	1
614	753	1
614	2746	1
614	2627	1
646	308	1
646	321	1
646	969	1
646	2912	1
646	975	1
646	4539	1
646	307	1
282	3511	1
282	4223	1
282	4359	1
282	4692	1
282	3750	1
696	281	1
696	3360	1
696	1459	1
696	3494	1
163	5666	1
163	3440	1
163	2391	1
163	1385	1
163	924	1
163	4291	1
163	4850	1
163	5578	1
163	486	1
163	4536	1
163	2204	1
163	5476	1
163	5686	1
163	5521	1
163	1036	1
163	4698	1
163	5687	1
163	2232	1
163	125	1
163	3650	1
163	178	1
163	2810	1
163	1520	1
163	2145	1
163	1607	1
163	2939	1
163	2184	1
163	4113	1
163	1335	1
163	5497	1
163	3909	1
163	4221	1
163	1001	1
163	4391	1
163	2689	1
163	4505	1
163	2845	1
163	726	1
163	1848	1
163	5735	1
163	5491	1
163	5718	1
163	5499	1
163	1957	1
163	5399	1
163	1752	1
163	5335	1
163	2372	1
163	539	1
163	5702	1
163	5654	1
163	1053	1
163	1238	1
163	1361	1
163	4343	1
163	4802	1
163	5572	1
163	3146	1
163	5660	1
163	5700	1
368	4352	1
368	1783	1
368	21	1
368	2032	1
368	1907	1
368	5142	1
368	2928	1
368	1246	1
368	5258	1
368	2792	1
368	5430	1
368	17	1
368	2531	1
368	3714	1
368	1897	1
368	809	1
368	1387	1
368	2595	1
742	1639	1
742	5494	1
742	4508	1
742	4404	1
559	1187	1
559	1367	1
559	3276	1
559	3378	1
559	2652	1
559	4461	1
559	2068	1
559	2841	1
559	1219	1
559	4983	1
559	4771	1
559	5085	1
694	4815	1
694	3741	1
694	3298	1
694	2529	1
95	661	1
95	5397	1
95	3665	1
95	4529	1
95	5495	1
95	2067	1
550	2700	1
550	2362	1
550	2505	1
550	249	1
550	4290	1
638	3893	1
638	3058	1
638	2303	1
638	958	1
638	432	1
638	3463	1
375	2766	1
375	409	1
375	3887	1
375	1177	1
445	4894	1
445	3658	1
445	3308	1
445	5186	1
121	2858	1
121	4167	1
121	2102	1
121	4816	1
495	1805	1
495	2200	1
495	5196	1
495	5141	1
495	3573	1
495	1026	1
495	2785	1
495	3232	1
495	3590	1
575	5042	1
575	4885	1
575	4750	1
575	871	1
575	3434	1
575	619	1
765	1878	1
765	1198	1
765	2062	1
765	4017	1
765	780	1
765	604	1
765	826	1
765	4117	1
765	3539	1
304	1621	1
304	2643	1
304	3891	1
304	2706	1
304	5187	1
304	2752	1
304	134	1
304	2011	1
630	560	1
630	1079	1
630	1594	1
630	3481	1
176	4332	1
176	1055	1
176	4132	1
176	923	1
500	5150	1
500	3634	1
500	3350	1
500	1255	1
755	2819	1
755	2816	1
755	3422	1
755	2873	1
88	4190	1
88	2714	1
88	928	1
88	1963	1
88	760	1
88	1789	1
88	3305	1
88	2941	1
88	3397	1
88	1458	1
88	582	1
390	863	1
390	4673	1
390	3856	1
390	5087	1
390	3276	1
390	1205	1
623	3276	1
623	1996	1
623	849	1
623	3925	1
623	1119	1
623	1076	1
623	2089	1
623	2920	1
623	651	1
623	97	1
717	4827	1
717	5096	1
717	59	1
717	4142	1
717	4800	1
717	5423	1
24	4373	1
24	1603	1
24	1180	1
24	3535	1
24	1601	1
24	773	1
53	838	1
53	3152	1
53	1151	1
53	5209	1
53	1144	1
53	1870	1
53	3371	1
53	672	1
537	3555	1
537	3864	1
537	5320	1
537	4665	1
537	3450	1
537	1174	1
537	696	1
537	3995	1
537	3677	1
537	687	1
45	3141	1
45	1891	1
45	1270	1
45	1706	1
45	588	1
273	966	1
273	226	1
273	115	1
273	3698	1
273	4431	1
273	2288	1
273	4175	1
426	4008	1
426	4608	1
426	1725	1
426	4536	1
504	904	1
504	5453	1
504	5456	1
504	2026	1
504	2526	1
504	5742	1
504	1720	1
504	188	1
28	3984	1
28	920	1
28	3392	1
28	2236	1
28	490	1
28	1933	1
28	1832	1
514	2786	1
514	786	1
514	4126	1
514	1286	1
514	4154	1
514	487	1
501	4750	1
501	1316	1
501	4763	1
501	1138	1
501	3346	1
501	4742	1
557	4757	1
557	3454	1
557	2299	1
557	1954	1
557	4306	1
557	4436	1
557	4651	1
557	2139	1
653	2537	1
653	4633	1
653	3144	1
653	3668	1
657	4518	1
657	2502	1
657	4866	1
657	3592	1
12	2201	1
12	5456	1
12	3512	1
12	5690	1
12	5480	1
12	5255	1
12	3340	1
12	2466	1
12	2627	1
12	4751	1
12	3940	1
12	5534	1
389	5149	1
389	1951	1
389	38	1
389	505	1
389	526	1
626	4438	1
626	3693	1
626	2562	1
626	2093	1
626	4687	1
626	846	1
665	2724	1
665	4434	1
665	1979	1
665	2402	1
658	4297	1
658	1475	1
658	4456	1
658	311	1
658	1868	1
658	3466	1
658	4253	1
658	1797	1
65	4898	1
65	3589	1
65	3822	1
65	5711	1
65	5336	1
65	4351	1
92	3715	1
92	3778	1
92	3713	1
92	1039	1
92	4905	1
300	4644	1
300	3400	1
300	1154	1
300	405	1
300	657	1
108	2055	1
108	5328	1
108	3773	1
108	4031	1
108	1920	1
108	4255	1
108	2296	1
129	4153	1
129	916	1
129	2107	1
129	2636	1
129	3394	1
129	2987	1
129	1920	1
129	5210	1
129	666	1
129	2681	1
287	1398	1
287	4482	1
287	3433	1
287	3480	1
287	3646	1
287	3693	1
589	3401	1
589	5041	1
589	4766	1
589	1112	1
474	2978	1
474	2980	1
474	2981	1
474	3947	1
4	3679	1
4	3470	1
4	3580	1
4	4096	1
566	3889	1
566	859	1
566	5174	1
566	2957	1
566	5069	1
566	2096	1
730	4024	1
730	4693	1
730	5	1
730	2357	1
241	208	1
241	3439	1
241	4317	1
241	779	1
241	2233	1
388	2891	1
388	2819	1
388	5274	1
388	2817	1
388	4399	1
554	15	1
554	5339	1
554	3824	1
554	14	1
63	4593	1
63	3701	1
63	3557	1
63	3130	1
63	2372	1
111	2445	1
111	4695	1
111	729	1
111	5122	1
111	4313	1
602	3740	1
602	3912	1
602	1029	1
602	1749	1
602	684	1
602	1019	1
602	2975	1
165	4904	1
165	73	1
165	3152	1
165	4999	1
165	3341	1
165	2370	1
165	1598	1
165	4295	1
165	443	1
165	5221	1
165	175	1
165	2536	1
662	2125	1
662	1444	1
662	2596	1
662	268	1
662	601	1
146	460	1
146	4837	1
146	3467	1
146	590	1
513	4049	1
513	2671	1
513	4298	1
513	5137	1
513	4230	1
513	2410	1
513	3527	1
513	87	1
349	4688	1
349	2315	1
349	5708	1
349	1157	1
349	5711	1
349	5431	1
360	4161	1
360	440	1
360	2738	1
360	2437	1
360	4249	1
360	4214	1
380	1056	1
380	5361	1
380	2059	1
380	1178	1
565	2732	1
565	122	1
565	872	1
565	1972	1
565	5593	1
565	4261	1
565	2172	1
565	629	1
521	738	1
521	735	1
521	3917	1
521	1251	1
235	1531	1
235	466	1
235	3702	1
235	1958	1
533	2710	1
533	3918	1
533	2689	1
533	784	1
372	642	1
372	1469	1
372	469	1
372	5058	1
372	748	1
227	1753	1
227	726	1
227	1353	1
227	4441	1
231	272	1
231	5392	1
231	3424	1
231	1737	1
231	1577	1
231	752	1
231	1738	1
231	802	1
231	2738	1
231	1769	1
231	1553	1
231	3444	1
231	1890	1
231	5173	1
767	430	1
767	5639	1
767	1106	1
767	4172	1
268	5135	1
268	4777	1
268	3503	1
268	2068	1
268	2067	1
268	881	1
268	4174	1
268	1592	1
268	4870	1
268	4686	1
268	3276	1
268	4939	1
268	1416	1
255	488	1
255	3699	1
255	3825	1
255	3397	1
255	3443	1
259	1920	1
259	1416	1
259	1602	1
259	2992	1
259	3321	1
35	2119	1
35	4228	1
35	5363	1
35	4298	1
309	3225	1
309	4722	1
309	4144	1
309	194	1
309	2063	1
309	4951	1
309	3735	1
309	4750	1
309	3804	1
309	2876	1
309	2907	1
309	42	1
309	1821	1
309	3053	1
309	1806	1
309	1583	1
309	2883	1
309	4713	1
309	950	1
309	4619	1
309	3525	1
570	877	1
570	5168	1
570	431	1
570	1500	1
570	5226	1
570	2868	1
570	3794	1
628	962	1
628	2029	1
628	2808	1
628	1119	1
628	1584	1
698	855	1
698	2598	1
698	1384	1
698	1526	1
698	3464	1
698	4512	1
763	0	1
763	5138	1
763	3787	1
763	3447	1
763	1647	1
763	1013	1
763	1251	1
418	1101	1
418	1008	1
418	1997	1
418	1733	1
185	2570	1
185	2082	1
185	551	1
185	2186	1
185	1362	1
377	3203	1
377	4473	1
377	469	1
377	4121	1
377	597	1
377	3037	1
377	4873	1
377	4513	1
625	5458	1
625	4754	1
625	1810	1
625	5214	1
625	5314	1
625	3712	1
52	1852	1
52	1905	1
52	147	1
52	204	1
52	2204	1
483	2850	1
483	5002	1
483	4183	1
483	5428	1
483	1320	1
483	521	1
483	5269	1
483	2092	1
483	1775	1
483	1257	1
483	3095	1
72	4606	1
72	4607	1
72	200	1
72	3370	1
72	199	1
72	4605	1
72	201	1
72	2020	1
409	750	1
409	2816	1
409	2002	1
409	1708	1
409	3523	1
409	2703	1
409	5510	1
409	5062	1
409	269	1
409	740	1
409	2880	1
409	118	1
409	562	1
409	379	1
409	5493	1
409	2702	1
409	186	1
409	1008	1
409	2385	1
409	793	1
409	984	1
409	3699	1
409	2819	1
409	4860	1
409	2616	1
409	3179	1
409	5067	1
409	5568	1
409	3397	1
409	2945	1
409	4411	1
409	1837	1
675	4006	1
675	5434	1
675	3279	1
675	2534	1
675	1920	1
675	1830	1
675	4197	1
675	2769	1
675	1241	1
675	3738	1
93	4165	1
93	93	1
93	2322	1
93	1059	1
93	585	1
93	4536	1
93	1595	1
93	4327	1
93	3694	1
93	4991	1
93	3969	1
93	1911	1
93	3263	1
93	3101	1
555	4130	1
555	508	1
555	4948	1
555	3943	1
555	3431	1
555	2472	1
555	2744	1
555	3932	1
555	5524	1
488	1747	1
488	3949	1
488	3294	1
488	4594	1
488	5674	1
488	3135	1
488	3164	1
629	4592	1
629	4275	1
629	2541	1
629	3908	1
773	5384	1
773	3859	1
773	5357	1
773	5437	1
780	3621	1
780	4323	1
780	2624	1
780	3075	1
780	255	1
780	4431	1
780	4004	1
780	1899	1
780	1868	1
212	4695	1
212	2050	1
212	4694	1
212	2392	1
212	1383	1
212	4845	1
339	5280	1
339	2035	1
339	4543	1
339	740	1
339	4447	1
339	1218	1
464	2804	1
464	4808	1
464	4977	1
464	3687	1
216	305	1
216	2910	1
216	1746	1
216	2763	1
216	192	1
216	3385	1
216	2008	1
216	479	1
216	2627	1
216	1969	1
216	260	1
216	1478	1
216	4836	1
216	4674	1
343	5578	1
343	2118	1
343	1416	1
343	573	1
343	635	1
343	2743	1
343	5579	1
343	5707	1
343	4831	1
343	5713	1
343	2858	1
343	3014	1
343	168	1
343	1283	1
343	4790	1
414	192	1
414	4577	1
414	1955	1
414	721	1
414	1031	1
414	193	1
414	2981	1
414	2980	1
400	124	1
400	4034	1
400	2822	1
400	3182	1
169	4445	1
169	1191	1
169	4643	1
169	105	1
169	4779	1
447	480	1
447	4951	1
447	4224	1
447	1871	1
447	841	1
447	3409	1
447	4705	1
447	5087	1
447	1882	1
447	1613	1
666	1882	1
666	1892	1
666	1764	1
666	580	1
666	3312	1
666	1143	1
612	3935	1
612	4069	1
612	4953	1
612	4053	1
612	5015	1
772	1185	1
772	3922	1
772	2576	1
772	579	1
772	961	1
772	2248	1
39	2461	1
39	4802	1
39	3044	1
39	4259	1
39	229	1
39	5531	1
39	5448	1
39	455	1
39	1333	1
39	4750	1
39	3891	1
39	5635	1
39	3119	1
355	1595	1
355	3178	1
355	2575	1
355	2259	1
355	2322	1
355	177	1
355	2974	1
355	4734	1
355	3276	1
355	4731	1
242	3548	1
242	778	1
242	4712	1
242	345	1
378	89	1
378	2941	1
378	3779	1
378	4411	1
378	2285	1
378	1684	1
276	2018	1
276	3856	1
276	4923	1
276	4466	1
276	4525	1
406	2302	1
406	535	1
406	4120	1
406	328	1
406	421	1
406	1871	1
406	1620	1
406	1893	1
406	1900	1
406	5472	1
406	1131	1
406	4734	1
406	3489	1
406	177	1
406	4123	1
406	234	1
406	4122	1
406	357	1
406	4042	1
406	24	1
406	4825	1
406	4119	1
406	1831	1
406	4575	1
406	5087	1
406	848	1
406	1667	1
406	4079	1
406	5234	1
406	503	1
406	2597	1
323	838	1
323	690	1
323	4507	1
323	5101	1
323	3772	1
323	4579	1
619	1582	1
619	1404	1
619	1611	1
619	1464	1
281	3372	1
281	854	1
281	3269	1
281	4993	1
281	5547	1
779	864	1
779	2893	1
779	4457	1
779	2682	1
595	4733	1
595	1356	1
595	3457	1
595	2003	1
595	4358	1
265	4563	1
265	259	1
265	3654	1
265	759	1
265	2404	1
485	4841	1
485	5519	1
485	1605	1
485	4537	1
485	2159	1
601	3156	1
601	2356	1
601	5586	1
601	2249	1
283	2195	1
283	3403	1
283	673	1
283	512	1
283	2610	1
525	853	1
525	4660	1
525	854	1
525	2814	1
434	1731	1
434	1012	1
434	1980	1
434	3525	1
441	1321	1
441	1850	1
441	170	1
441	3915	1
726	5126	1
726	3207	1
726	1076	1
726	4937	1
373	1353	1
373	1415	1
373	3754	1
373	2701	1
373	3558	1
442	1939	1
442	2317	1
442	3237	1
442	4435	1
442	2793	1
511	2220	1
511	846	1
511	3034	1
511	415	1
511	433	1
64	5381	1
64	5193	1
64	4262	1
64	3219	1
64	4794	1
704	2540	1
704	447	1
704	5352	1
704	1924	1
704	4568	1
704	1105	1
704	3853	1
704	398	1
704	3505	1
704	189	1
704	1061	1
704	1053	1
704	3891	1
704	1333	1
704	2534	1
712	1673	1
712	1635	1
712	2846	1
712	1437	1
712	941	1
712	1719	1
712	798	1
404	4810	1
404	5183	1
404	4790	1
404	2205	1
404	926	1
404	1829	1
404	592	1
118	842	1
118	2510	1
118	5365	1
118	3529	1
118	4885	1
118	4547	1
118	4256	1
118	255	1
118	4851	1
649	3594	1
649	4640	1
649	4464	1
649	5242	1
655	4740	1
655	324	1
655	461	1
655	4650	1
36	1677	1
36	89	1
36	5520	1
36	1322	1
548	4720	1
548	431	1
548	2903	1
548	174	1
548	175	1
548	169	1
548	4568	1
549	3506	1
549	3453	1
549	854	1
549	115	1
549	1071	1
654	2447	1
654	4913	1
654	3653	1
654	3561	1
654	2020	1
654	1516	1
654	5083	1
496	352	1
496	238	1
496	392	1
496	800	1
496	901	1
496	9	1
496	518	1
496	86	1
496	408	1
475	4500	1
475	4764	1
475	843	1
475	2091	1
475	825	1
475	2764	1
475	1309	1
475	5239	1
208	2147	1
208	5309	1
208	3534	1
208	1375	1
58	1186	1
58	4615	1
58	4310	1
58	4395	1
690	1741	1
690	1906	1
690	3156	1
690	2175	1
690	4690	1
690	2662	1
690	1340	1
690	1227	1
690	3547	1
482	3544	1
482	567	1
482	295	1
482	1564	1
482	5161	1
482	5508	1
482	976	1
482	721	1
482	254	1
482	4005	1
482	3925	1
482	3010	1
482	293	1
482	4487	1
569	5196	1
569	5208	1
569	4456	1
569	1202	1
569	3502	1
569	1322	1
443	2706	1
443	4483	1
443	3715	1
443	4033	1
443	4150	1
0	4560	1
0	1254	1
0	1053	1
0	4008	1
0	115	1
0	4417	1
0	2890	1
0	4631	1
0	4297	1
0	5058	1
0	433	1
0	57	1
0	1920	1
0	1549	1
0	4536	1
0	4055	1
0	2341	1
0	2153	1
0	3817	1
261	1572	1
261	3468	1
261	2219	1
261	5296	1
261	4329	1
459	5151	1
459	893	1
459	1939	1
459	862	1
459	1609	1
459	910	1
459	4677	1
615	170	1
615	3141	1
615	316	1
615	1520	1
465	943	1
465	5446	1
465	5348	1
465	5339	1
507	1579	1
507	2262	1
507	3557	1
507	1895	1
507	4637	1
680	3912	1
680	5668	1
680	3595	1
680	4852	1
680	5723	1
101	4979	1
101	1433	1
101	2943	1
101	103	1
734	3251	1
734	2262	1
734	1297	1
734	3456	1
279	2989	1
279	3000	1
279	3808	1
279	5581	1
279	3183	1
279	2009	1
466	3607	1
466	563	1
466	2605	1
466	4542	1
710	3121	1
710	2664	1
710	3988	1
710	653	1
599	306	1
599	644	1
599	1779	1
599	471	1
137	5667	1
137	104	1
137	5714	1
137	5694	1
137	5725	1
137	5718	1
137	5341	1
137	3805	1
137	2501	1
137	5730	1
137	2137	1
137	5741	1
137	4092	1
137	5255	1
137	5742	1
137	5716	1
137	153	1
137	2169	1
137	5673	1
137	5190	1
650	3588	1
650	2782	1
650	1135	1
650	2651	1
540	5522	1
540	2627	1
540	5052	1
540	347	1
167	5380	1
167	2869	1
167	2520	1
167	3016	1
438	4431	1
438	1685	1
438	1189	1
438	5108	1
438	5184	1
438	2399	1
41	1868	1
41	3124	1
41	2250	1
41	1826	1
41	2330	1
41	1242	1
41	743	1
41	1858	1
41	1122	1
103	3999	1
103	4301	1
103	4283	1
103	3990	1
702	1983	1
702	3903	1
702	2711	1
702	4870	1
702	1195	1
56	337	1
56	2246	1
56	3163	1
56	43	1
461	2067	1
461	2285	1
461	5087	1
461	2430	1
461	4299	1
196	1445	1
196	359	1
196	286	1
196	1594	1
196	289	1
490	2532	1
490	1229	1
490	1594	1
490	1547	1
490	3332	1
490	3578	1
490	2256	1
490	3543	1
490	1612	1
490	465	1
490	4555	1
490	2078	1
311	1404	1
311	3016	1
311	573	1
311	268	1
311	3785	1
503	1998	1
503	3226	1
503	4711	1
503	5001	1
503	721	1
16	1329	1
16	5612	1
16	1014	1
16	4398	1
16	3981	1
647	5263	1
647	3657	1
647	99	1
647	1685	1
647	3287	1
720	383	1
720	4885	1
720	5279	1
720	603	1
720	5432	1
720	3054	1
515	2164	1
515	413	1
515	3994	1
515	4098	1
659	3032	1
659	3033	1
659	561	1
659	2840	1
618	5275	1
618	833	1
618	2997	1
618	707	1
381	5317	1
381	2477	1
381	2691	1
381	5427	1
220	3925	1
220	4190	1
220	221	1
220	3332	1
220	1920	1
220	4680	1
220	577	1
220	4306	1
220	573	1
220	3856	1
220	4023	1
220	5107	1
220	624	1
220	4055	1
33	4652	1
33	1719	1
33	2751	1
33	2396	1
33	3161	1
33	2197	1
33	902	1
61	3876	1
61	1399	1
61	564	1
61	897	1
27	5178	1
27	5542	1
27	3332	1
27	3172	1
749	3205	1
749	4721	1
749	2565	1
749	2213	1
749	3133	1
749	3706	1
749	2297	1
749	3770	1
651	2099	1
651	4721	1
651	1107	1
651	3587	1
399	5363	1
399	4036	1
399	5421	1
399	4007	1
679	4520	1
679	2067	1
679	3681	1
679	570	1
679	5555	1
679	5531	1
186	1206	1
186	2820	1
186	4769	1
186	3142	1
186	4346	1
186	1495	1
186	1507	1
186	2650	1
591	4780	1
591	3593	1
591	148	1
591	2370	1
591	950	1
200	5246	1
200	2994	1
200	5251	1
200	4074	1
200	3430	1
701	4498	1
701	4497	1
701	4467	1
701	2382	1
77	2549	1
77	2898	1
77	4166	1
77	3306	1
77	4360	1
193	5342	1
193	3693	1
193	5065	1
193	5451	1
193	188	1
193	3293	1
193	1747	1
110	4659	1
110	4274	1
110	5483	1
110	982	1
110	2765	1
351	647	1
351	473	1
351	763	1
351	3799	1
351	5688	1
299	3857	1
299	4325	1
299	5001	1
299	5020	1
370	5340	1
370	5063	1
370	3792	1
370	436	1
771	3225	1
771	963	1
771	3356	1
771	3698	1
771	2009	1
771	1821	1
771	3954	1
771	3394	1
778	1889	1
778	437	1
778	726	1
778	403	1
47	1132	1
47	2961	1
47	1073	1
47	4368	1
744	1764	1
744	4667	1
744	1946	1
744	531	1
155	5107	1
155	4048	1
155	5380	1
155	2067	1
155	5196	1
155	1837	1
120	3493	1
120	658	1
120	114	1
120	451	1
120	4976	1
635	138	1
635	1776	1
635	1304	1
635	1943	1
635	5406	1
104	5210	1
104	2760	1
104	3394	1
104	2759	1
104	2460	1
576	4616	1
576	1853	1
576	4338	1
576	2274	1
576	1687	1
551	1493	1
551	4034	1
551	3387	1
551	1442	1
551	2518	1
551	3195	1
551	3707	1
551	2928	1
551	5433	1
551	1594	1
551	2023	1
551	5664	1
787	1428	1
787	660	1
787	2100	1
787	708	1
787	2882	1
740	2329	1
740	4582	1
740	4802	1
740	5280	1
567	1003	1
567	2131	1
567	5564	1
567	304	1
560	2951	1
560	3437	1
560	5498	1
560	4131	1
560	5051	1
560	4605	1
640	4565	1
640	5531	1
640	4564	1
640	5374	1
481	3401	1
481	2615	1
481	2418	1
481	4178	1
481	1813	1
481	5462	1
481	3893	1
481	1471	1
481	3094	1
481	1319	1
510	3625	1
510	3754	1
510	4832	1
510	3763	1
510	4613	1
716	5261	1
716	5601	1
716	5254	1
716	5665	1
716	1226	1
716	4638	1
716	5369	1
716	2549	1
181	2240	1
181	1345	1
181	659	1
181	2940	1
181	4638	1
181	1698	1
181	4977	1
181	1050	1
385	2375	1
385	3485	1
385	2374	1
385	4002	1
420	2918	1
420	2009	1
420	2960	1
420	4957	1
420	3578	1
415	2009	1
415	986	1
415	1916	1
415	2067	1
415	2160	1
415	3495	1
789	4459	1
789	1294	1
789	3910	1
789	3176	1
344	2139	1
344	4463	1
344	2801	1
344	5476	1
453	721	1
453	4655	1
453	2620	1
453	131	1
453	5188	1
633	5680	1
633	5440	1
633	5686	1
633	5619	1
633	5721	1
633	5439	1
656	4853	1
656	3231	1
656	5208	1
656	5361	1
784	3407	1
784	1499	1
784	3408	1
784	4245	1
774	4306	1
774	3273	1
774	1837	1
774	4396	1
233	3247	1
233	3819	1
233	149	1
233	4339	1
233	4067	1
783	5016	1
783	3248	1
783	2498	1
783	4018	1
512	1770	1
512	4732	1
512	1836	1
512	1519	1
512	2212	1
512	4295	1
384	180	1
384	5243	1
384	182	1
384	2073	1
384	28	1
419	1917	1
419	2053	1
419	1834	1
419	462	1
419	151	1
419	753	1
419	3808	1
419	1882	1
419	1324	1
258	2257	1
258	4292	1
258	971	1
258	1489	1
258	2628	1
258	2255	1
258	823	1
258	5282	1
49	2720	1
49	4397	1
49	4881	1
49	3643	1
49	5286	1
297	3397	1
297	3758	1
297	3955	1
297	1042	1
444	1392	1
444	4792	1
444	4414	1
444	2054	1
444	1374	1
444	261	1
394	876	1
394	390	1
394	301	1
394	130	1
341	5023	1
341	3995	1
341	6	1
341	5027	1
446	5720	1
446	5734	1
446	5719	1
446	5745	1
446	5748	1
446	5746	1
446	5724	1
446	5747	1
502	4790	1
502	5566	1
502	4329	1
502	5617	1
502	3016	1
502	4750	1
502	4884	1
502	5087	1
502	4669	1
502	4582	1
502	2716	1
502	4885	1
