0 57
0 115
0 433
0 1053
0 1254
0 1549
0 1920
0 2153
0 2341
0 2890
0 3817
0 4008
0 4055
0 4297
0 4417
0 4536
0 4560
0 4631
0 5058
1 2819
1 3227
1 3888
1 4761
2 736
2 1727
2 3397
2 4025
2 4688
3 1470
3 3288
3 3600
3 4072
4 3470
4 3580
4 3679
4 4096
5 1032
5 1426
5 1842
5 2277
5 2958
5 3632
5 4031
5 4080
5 4615
5 5016
6 1180
6 2470
6 4196
6 5560
6 5659
7 266
7 1727
7 1734
7 1939
7 2547
7 2663
8 1509
8 1571
8 2388
8 3390
9 14
9 102
9 103
9 104
9 107
9 178
9 232
9 275
9 424
9 472
9 496
9 497
9 616
9 652
9 654
9 682
9 687
9 715
9 756
9 930
9 970
9 1009
9 1069
9 1123
9 1124
9 1146
9 1215
9 1233
9 1234
9 1273
9 1278
9 1465
9 1688
9 1701
9 1920
9 1953
9 2028
9 2199
9 2211
9 2277
9 2781
9 2981
9 3060
9 3335
9 3551
9 3554
9 3562
9 3563
9 3564
9 3632
9 3772
9 3816
9 3900
9 3971
9 3986
9 4012
9 4086
9 4387
9 4439
9 4545
9 4592
9 4610
9 4769
9 5425
9 5456
9 5489
9 5524
10 51
10 1491
10 1768
10 3318
10 5053
10 5096
11 169
11 1479
11 1730
11 2977
12 2201
12 2466
12 2627
12 3340
12 3512
12 3940
12 4751
12 5255
12 5456
12 5480
12 5534
12 5690
13 244
13 468
13 851
13 2074
13 2122
13 3427
13 3516
13 5196
14 119
14 929
14 2492
14 2666
14 2825
14 2936
14 2969
15 2105
15 3667
15 3891
15 4128
15 4334
15 4942
15 5219
16 1014
16 1329
16 3981
16 4398
16 5612
17 2417
17 2883
17 3580
17 3857
17 4213
18 1330
18 1441
18 1605
18 1676
18 2081
18 2367
18 2389
18 2421
18 2941
18 3263
18 3373
18 3397
18 3447
18 3808
18 3843
18 4534
18 4552
18 4688
18 5093
18 5660
19 995
19 2067
19 3049
19 5183
19 5569
20 516
20 517
20 522
20 1435
20 2081
20 2097
20 3720
20 3974
21 1360
21 2906
21 3686
21 3705
21 4242
21 4254
22 299
22 314
22 1128
22 2543
22 3337
22 3500
22 3533
22 3759
22 5160
23 1020
23 1581
23 1883
23 2670
23 2680
23 3854
23 4244
24 773
24 1180
24 1601
24 1603
24 3535
24 4373
25 268
25 271
25 384
25 879
25 1354
25 1593
25 1740
25 1754
25 1756
25 1837
25 1965
25 2238
25 2245
25 2272
25 2311
25 2485
25 2554
25 2633
25 2672
25 2674
25 2972
25 3073
25 3115
25 3332
25 3629
25 3890
25 4773
25 4791
25 4954
25 4978
25 5123
25 5280
25 5288
25 5305
25 5314
25 5342
25 5407
25 5425
25 5439
25 5450
25 5503
25 5524
25 5533
25 5606
25 5650
25 5656
25 5689
25 5702
25 5703
25 5743
26 1200
26 2354
26 3404
26 4011
27 3172
27 3332
27 5178
27 5542
28 490
28 920
28 1832
28 1933
28 2236
28 3392
28 3984
29 664
29 727
29 768
29 956
29 979
29 1204
29 1217
29 1238
29 1354
29 1920
29 1954
29 2114
29 2131
29 2503
29 2542
29 2627
29 2665
29 2770
29 3147
29 3518
29 3557
29 3808
29 3930
29 4527
29 4531
29 4534
29 4629
29 4639
29 4640
29 4685
29 4891
29 4892
29 4902
29 4970
29 5000
29 5467
29 5471
29 5530
29 5567
30 228
30 729
30 1266
30 2150
30 3267
30 3619
30 5105
30 5357
31 103
31 137
31 139
31 455
31 495
31 506
31 565
31 574
31 757
31 1198
31 1562
31 1569
31 1670
31 1690
31 1747
31 2381
31 2694
31 3119
31 3123
31 3328
31 3416
31 4406
31 4423
31 4627
31 4786
31 4950
31 5047
31 5456
31 5503
31 5524
31 5574
31 5701
31 5743
32 27
32 31
32 32
32 60
32 78
32 82
32 94
32 154
32 211
32 224
32 250
32 251
32 292
32 426
32 447
32 450
32 466
32 642
32 715
32 819
32 995
32 1341
32 1751
32 1820
32 1959
32 2111
32 2181
32 2249
32 2356
32 2495
32 2588
32 2599
32 2645
32 2727
32 2990
32 3020
32 3059
32 3138
32 3314
32 3362
32 3688
32 3863
32 4814
33 902
33 1719
33 2197
33 2396
33 2751
33 3161
33 4652
34 173
34 796
34 1549
34 2067
34 2627
34 3421
35 2119
35 4228
35 4298
35 5363
36 89
36 1322
36 1677
36 5520
37 103
37 178
37 215
37 237
37 240
37 249
37 262
37 268
37 275
37 339
37 350
37 482
37 528
37 548
37 573
37 587
37 601
37 612
37 621
37 651
37 690
37 732
37 810
37 811
37 817
37 844
37 903
37 912
37 935
37 1053
37 1192
37 1256
37 1318
37 1354
37 1379
37 1387
37 1429
37 1501
37 1574
37 1625
37 1641
37 1648
37 1730
37 1757
37 1792
37 1904
37 1918
37 1920
37 1965
37 1975
37 2084
37 2253
37 2330
37 2335
37 2439
37 2554
37 2563
37 2571
37 2609
37 2627
37 2663
37 2680
37 2716
37 2830
37 2852
37 2914
37 2937
37 2953
37 2972
37 2988
37 3011
37 3034
37 3052
37 3067
37 3141
37 3208
37 3276
37 3392
37 3417
37 3504
37 3552
37 3570
37 3582
37 3596
37 3732
37 3872
37 3873
37 3941
37 3963
37 4055
37 4071
37 4265
37 4293
37 4514
37 4530
37 4591
37 4622
37 4750
37 4911
37 4970
37 5001
37 5031
37 5225
37 5331
37 5469
37 5470
37 5476
37 5568
37 5584
37 5585
37 5616
37 5654
37 5711
38 1085
38 1619
38 2816
38 3386
38 3618
38 3728
38 3820
38 4257
38 4352
38 4934
38 5558
38 5580
39 229
39 455
39 1333
39 2461
39 3044
39 3119
39 3891
39 4259
39 4750
39 4802
39 5448
39 5531
39 5635
40 533
40 2164
40 2802
40 2883
40 4750
41 743
41 1122
41 1242
41 1826
41 1858
41 1868
41 2250
41 2330
41 3124
42 1645
42 2563
42 3035
42 3756
42 3891
43 80
43 437
43 721
43 1487
43 1835
43 1873
43 1885
43 1888
43 2986
43 3498
43 4174
44 376
44 459
44 1732
44 1803
44 3435
44 3685
45 588
45 1270
45 1706
45 1891
45 3141
46 1457
46 1727
46 2399
46 2918
46 3390
46 3397
46 3698
47 1073
47 1132
47 2961
47 4368
48 734
48 1010
48 1568
48 3771
48 4523
48 5030
48 5635
49 2720
49 3643
49 4397
49 4881
49 5286
50 741
50 1080
50 1880
50 1920
50 2751
50 4735
51 1976
51 3042
51 3939
51 5396
52 147
52 204
52 1852
52 1905
52 2204
53 672
53 838
53 1144
53 1151
53 1870
53 3152
53 3371
53 5209
54 127
54 712
54 1248
54 1421
54 1474
54 1700
54 2333
54 2370
54 2693
54 3140
54 3302
54 3348
54 3722
54 3834
54 4276
54 4285
54 4288
54 4553
54 5322
54 5353
54 5678
55 116
55 982
55 1881
55 2216
55 2883
55 3886
55 4453
55 4777
55 4847
55 4971
55 5196
56 43
56 337
56 2246
56 3163
57 796
57 1595
57 3008
57 3693
57 4182
57 4628
57 4974
58 1186
58 4310
58 4395
58 4615
59 91
59 913
59 2502
59 3579
59 4212
59 4372
59 4437
60 2669
60 3654
60 3856
60 5532
61 564
61 897
61 1399
61 3876
62 264
62 274
62 342
62 411
62 412
62 677
62 902
62 1307
62 1394
62 2021
62 2435
62 2438
62 2502
62 2543
62 2742
62 2839
62 2860
62 2866
62 3007
62 3012
62 3214
62 3264
62 3309
62 3310
62 3635
62 3858
62 4243
62 4640
62 4688
62 4737
62 4886
63 2372
63 3130
63 3557
63 3701
63 4593
64 3219
64 4262
64 4794
64 5193
64 5381
65 3589
65 3822
65 4351
65 4898
65 5336
65 5711
66 159
66 1346
66 1412
66 2151
67 120
67 212
67 709
67 3992
67 4227
68 263
68 614
68 954
68 1461
68 1528
68 2342
68 2344
68 2823
68 2903
68 3375
68 4177
68 4829
68 5093
68 5176
68 5634
68 5642
69 1920
69 2040
69 2067
69 2467
69 3291
69 3396
69 3856
69 3871
69 4802
69 4830
69 5107
69 5156
69 5573
69 5640
70 230
70 2315
70 3243
70 5584
71 103
71 110
71 2250
71 3462
71 3638
71 4320
72 199
72 200
72 201
72 2020
72 3370
72 4605
72 4606
72 4607
73 169
73 1567
73 4158
73 4364
73 4931
73 5147
73 5235
73 5250
73 5403
74 475
74 4232
74 4469
74 4750
74 4885
74 5198
74 5203
74 5213
74 5219
74 5288
74 5314
74 5349
74 5425
74 5456
74 5476
74 5503
74 5504
74 5524
74 5534
74 5556
74 5561
74 5568
74 5575
74 5606
74 5610
74 5637
74 5645
74 5646
74 5650
74 5651
74 5656
74 5660
74 5669
74 5718
75 5
75 2944
75 3410
75 3546
75 5044
75 5325
75 5351
75 5419
75 5420
75 5424
75 5456
75 5480
75 5504
75 5534
75 5667
75 5670
75 5718
75 5741
76 261
76 272
76 400
76 2050
76 2067
76 2555
76 2557
76 2627
76 3263
76 3434
76 3698
76 4049
76 4360
76 4849
76 4999
76 5376
76 5383
76 5630
76 5722
77 2549
77 2898
77 3306
77 4166
77 4360
78 2926
78 3108
78 4615
78 4648
78 5009
78 5072
78 5245
79 2053
79 2244
79 3717
79 3781
79 4750
79 4885
79 5046
80 361
80 700
80 912
80 972
80 1343
80 1640
80 1709
80 1887
80 1956
80 2006
80 2049
80 2183
80 2336
80 2722
80 2747
80 3580
80 4035
80 4306
80 4576
80 4700
80 4932
80 5088
80 5109
80 5182
80 5293
81 203
81 1147
81 1295
81 2291
82 562
82 1817
82 2888
82 4875
82 5118
83 2779
83 2956
83 4311
83 5029
83 5379
83 5658
84 1148
84 1419
84 1587
84 1599
84 1629
84 1762
84 5255
84 5325
84 5445
84 5673
84 5687
84 5694
84 5712
84 5718
84 5721
84 5742
85 266
85 360
85 912
85 1228
85 1724
85 2067
85 2935
85 2996
85 3016
85 3263
85 4093
85 4237
85 4672
85 5033
85 5125
85 5158
85 5177
85 5301
85 5649
85 5655
86 697
86 1362
86 1365
86 3703
87 398
87 891
87 3178
87 3268
88 582
88 760
88 928
88 1458
88 1789
88 1963
88 2714
88 2941
88 3305
88 3397
88 4190
89 683
89 2838
89 2913
89 3137
89 3461
89 3995
89 4233
89 4265
90 545
90 952
90 1723
90 3469
91 1059
91 1129
91 3125
91 3580
92 1039
92 3713
92 3715
92 3778
92 4905
93 93
93 585
93 1059
93 1595
93 1911
93 2322
93 3101
93 3263
93 3694
93 3969
93 4165
93 4327
93 4536
93 4991
94 650
94 1277
94 1282
94 1309
94 1867
94 2332
94 2506
94 2627
94 3322
94 3390
94 3768
94 4749
94 4938
95 661
95 2067
95 3665
95 4529
95 5397
95 5495
96 279
96 2941
96 3390
96 3849
96 5080
97 25
97 387
97 557
97 717
97 721
97 1136
97 1574
97 1692
97 1793
97 2045
97 2144
97 2718
97 2846
97 2889
97 3532
97 3609
97 3981
97 4258
97 4458
97 4475
97 5228
97 5362
98 71
98 386
98 400
98 435
98 1099
98 1507
98 1812
98 1828
98 2934
98 2941
98 3434
98 4032
98 4174
98 4318
98 4462
98 4527
98 4626
99 140
99 350
99 2078
99 2416
100 8
100 444
100 560
100 657
100 1083
100 1391
100 1541
100 2018
100 2026
100 3780
100 3783
100 3891
100 4046
100 4136
100 4354
100 4402
100 4414
100 4454
100 4532
100 4664
100 4954
100 5013
100 5198
100 5255
100 5288
100 5289
100 5351
100 5373
100 5420
100 5425
100 5456
100 5503
100 5524
100 5526
100 5534
100 5578
100 5582
100 5605
100 5624
100 5656
100 5660
100 5668
100 5673
100 5704
100 5711
100 5729
100 5741
101 103
101 1433
101 2943
101 4979
102 477
102 3175
102 5165
102 5409
103 3990
103 3999
103 4283
103 4301
104 2460
104 2759
104 2760
104 3394
104 5210
105 348
105 2105
105 4697
105 5032
105 5431
105 5697
106 1514
106 1993
106 2095
106 5032
106 5728
107 1877
107 2534
107 3030
107 3168
107 4664
108 1920
108 2055
108 2296
108 3773
108 4031
108 4255
108 5328
109 67
109 195
109 742
109 973
109 1849
109 2202
109 2516
109 2929
109 3578
109 3844
109 4409
110 982
110 2765
110 4274
110 4659
110 5483
111 729
111 2445
111 4313
111 4695
111 5122
112 1037
112 1154
112 1781
112 2390
112 2642
112 4019
112 4538
112 4926
112 4942
112 5329
112 5364
113 2439
113 2578
113 2895
113 3447
113 4890
113 4992
113 5295
114 1090
114 3038
114 4998
114 5388
114 5539
115 489
115 1070
115 2007
115 2031
115 5148
116 1289
116 1847
116 2783
116 5040
117 132
117 171
117 175
117 241
117 278
117 397
117 595
117 610
117 650
117 668
117 706
117 720
117 741
117 828
117 1004
117 1091
117 1142
117 1242
117 1270
117 1333
117 1400
117 1542
117 1581
117 1587
117 1596
117 1608
117 1780
117 1788
117 1819
117 1931
117 1936
117 2059
117 2148
117 2211
117 2262
117 2278
117 2328
117 2384
117 2627
117 2649
117 2673
117 2687
117 2829
117 2888
117 2907
117 2941
117 2953
117 2958
117 2959
117 2971
117 3023
117 3454
117 3472
117 3503
117 3670
117 3727
117 3827
117 3891
117 4069
117 4094
117 4111
117 4136
117 4149
117 4210
117 4452
117 4485
117 4503
117 4504
117 4609
117 4865
117 4965
117 5215
117 5241
117 5280
117 5356
117 5364
117 5394
117 5574
117 5597
117 5603
117 5610
117 5614
117 5638
117 5668
118 255
118 842
118 2510
118 3529
118 4256
118 4547
118 4851
118 4885
118 5365
119 845
119 1520
119 3043
119 3415
120 114
120 451
120 658
120 3493
120 4976
121 2102
121 2858
121 4167
121 4816
122 646
122 907
122 1072
122 1114
122 1317
122 1402
122 1902
122 3851
122 3853
122 4530
122 4750
123 1662
123 1663
123 1664
123 3092
124 3125
124 4380
124 5266
124 5676
125 860
125 1406
125 1733
125 2443
125 3208
125 3773
125 5128
125 5468
125 5611
125 5613
126 1788
126 2469
126 2855
126 3319
126 4416
126 5466
127 1705
127 2468
127 2659
127 3798
127 4357
127 4864
128 1023
128 1695
128 3501
128 4114
128 4658
128 5024
128 5070
129 666
129 916
129 1920
129 2107
129 2636
129 2681
129 2987
129 3394
129 4153
129 5210
130 589
130 1518
130 1956
130 3728
130 4456
131 3
131 101
131 158
131 332
131 460
131 675
131 911
131 923
131 987
131 1097
131 1196
131 1291
131 1292
131 1330
131 1537
131 1618
131 1769
131 1837
131 1915
131 1930
131 2087
131 2235
131 2263
131 2656
131 3109
131 3114
131 3199
131 3292
131 3697
131 3751
131 3752
131 3753
131 3934
131 3937
131 5204
131 5420
131 5456
131 5479
131 5489
132 357
132 2279
132 2281
132 2282
132 2862
132 3058
132 3154
132 3319
132 3411
132 3507
132 4350
132 4385
132 4777
133 261
133 1104
133 1167
133 1587
133 2187
133 2280
133 2361
133 2734
133 3093
133 3313
133 3497
133 3640
133 3679
133 4040
133 4068
133 4611
133 4631
133 5140
133 5346
133 5428
134 44
134 84
134 111
134 140
134 152
134 184
134 240
134 255
134 280
134 341
134 396
134 427
134 514
134 520
134 527
134 529
134 577
134 627
134 688
134 954
134 976
134 1035
134 1215
134 1322
134 1343
134 1461
134 1492
134 1631
134 1696
134 1745
134 1818
134 1854
134 1869
134 1891
134 1892
134 1904
134 1920
134 1946
134 1966
134 2037
134 2067
134 2076
134 2085
134 2087
134 2109
134 2123
134 2190
134 2191
134 2203
134 2227
134 2258
134 2300
134 2301
134 2323
134 2330
134 2376
134 2429
134 2450
134 2505
134 2630
134 2644
134 2648
134 2660
134 2730
134 2790
134 2886
134 2903
134 2942
134 2968
134 3064
134 3102
134 3206
134 3244
134 3254
134 3282
134 3336
134 3344
134 3438
134 3440
134 3442
134 3478
134 3642
134 3648
134 3662
134 3691
134 3713
134 3755
134 3769
134 3774
134 3852
134 3950
134 4076
134 4103
134 4146
134 4191
134 4228
134 4347
134 4526
134 4570
134 4676
134 4681
134 4711
134 4747
134 4796
134 4833
134 4834
134 4857
134 4933
134 4952
134 5006
134 5014
134 5019
134 5062
134 5079
134 5087
134 5114
134 5144
134 5159
134 5170
134 5181
134 5262
134 5286
134 5315
134 5330
134 5332
134 5359
134 5408
134 5487
134 5516
134 5524
134 5573
134 5583
134 5587
134 5621
134 5691
135 397
135 598
135 628
135 651
135 711
135 762
135 923
135 926
135 936
135 962
135 1062
135 1077
135 1083
135 1129
135 1210
135 1301
135 1310
135 1330
135 1348
135 1376
135 1409
135 1420
135 1460
135 1485
135 1541
135 1660
135 1683
135 1752
135 1782
135 1786
135 1858
135 1996
135 2081
135 2104
135 2125
135 2278
135 2395
135 2467
135 2469
135 2485
135 2519
135 2798
135 2836
135 2898
135 2905
135 2931
135 3089
135 3303
135 3399
135 3402
135 3708
135 3716
135 3742
135 3784
135 3786
135 3925
135 3991
135 4047
135 4054
135 4061
135 4064
135 4232
135 4393
135 4426
135 4528
135 4545
135 4630
135 4857
135 4960
135 5001
135 5013
135 5017
135 5036
135 5288
135 5314
135 5325
135 5425
135 5456
135 5468
135 5476
135 5481
135 5488
135 5503
135 5515
135 5524
135 5534
135 5537
135 5556
135 5568
135 5576
135 5578
135 5599
135 5618
135 5624
135 5631
135 5645
135 5646
135 5650
135 5651
135 5656
135 5671
135 5680
135 5708
135 5710
135 5716
135 5730
135 5741
135 5742
135 5743
136 651
136 1246
136 1525
136 3813
137 104
137 153
137 2137
137 2169
137 2501
137 3805
137 4092
137 5190
137 5255
137 5341
137 5667
137 5673
137 5694
137 5714
137 5716
137 5718
137 5725
137 5730
137 5741
137 5742
138 101
138 425
138 602
138 688
138 710
138 721
138 736
138 801
138 871
138 1173
138 1182
138 1240
138 1256
138 1373
138 1477
138 1576
138 1644
138 1936
138 2103
138 2171
138 2182
138 2186
138 2222
138 2287
138 2385
138 2464
138 2518
138 2550
138 2589
138 2685
138 2784
138 2811
138 2896
138 2908
138 2970
138 3178
138 3276
138 3388
138 3393
138 3429
138 3505
138 3664
138 3916
138 3925
138 3956
138 4173
138 4267
138 4316
138 4357
138 4688
138 4707
138 5087
138 5135
138 5561
138 5610
139 569
139 1013
139 1172
139 1229
139 1939
139 2067
139 2522
139 2761
139 3508
139 3966
139 4058
139 4104
139 4163
139 4194
139 4264
139 4379
139 4552
139 4802
139 5312
140 402
140 1158
140 4615
140 4946
141 726
141 870
141 1200
141 1617
141 1847
141 2489
141 2902
141 3230
141 3397
141 3647
141 3692
141 3763
141 3765
141 4431
141 4456
142 164
142 1059
142 3084
142 4189
142 4657
142 4879
143 326
143 609
143 652
143 1190
143 1208
143 1527
143 1689
143 2140
143 2198
143 2807
143 2899
143 3082
143 3331
143 3576
143 3690
143 4171
143 4247
143 4866
143 4882
143 5276
143 5402
143 5673
144 194
144 242
144 319
144 445
144 656
144 1761
144 2038
144 2545
144 2623
145 300
145 836
145 1323
145 2127
145 2827
145 2864
145 3066
145 3117
145 3867
145 3990
145 4348
145 4352
145 4405
145 4509
145 4719
145 4720
145 5191
146 460
146 590
146 3467
146 4837
147 257
147 956
147 1586
147 1875
147 2302
147 2488
147 2919
147 3061
147 3477
147 3656
147 3737
147 3983
147 5113
147 5255
147 5325
147 5425
147 5476
147 5503
147 5534
147 5572
147 5578
147 5650
147 5654
147 5666
147 5667
147 5671
147 5688
147 5694
147 5713
147 5716
147 5718
147 5729
147 5730
147 5735
147 5742
147 5743
148 261
148 630
148 663
148 4750
149 322
149 375
149 434
149 754
149 790
149 1434
149 1573
149 1592
149 1872
149 1935
149 2081
149 2105
149 2363
149 2441
149 2469
149 2604
149 2832
149 2951
149 3033
149 3236
149 3328
149 3363
149 3553
149 3645
149 3991
149 4042
149 4246
149 4769
149 4781
149 4951
149 4980
149 5001
149 5004
149 5013
149 5017
149 5106
149 5233
149 5255
149 5288
149 5302
149 5303
149 5314
149 5344
149 5348
149 5419
149 5425
149 5456
149 5480
149 5503
149 5524
149 5534
149 5582
149 5643
149 5645
149 5646
149 5652
149 5653
149 5666
149 5673
149 5686
149 5702
149 5712
149 5725
149 5743
150 974
150 1096
150 1333
150 1628
150 1791
150 1960
150 2789
150 3233
150 4768
151 906
151 1113
151 1211
151 1719
151 2016
151 2271
151 2294
151 2386
151 2403
151 2414
151 2587
151 2684
151 2983
151 3528
151 3911
151 4038
152 48
152 158
152 678
152 703
152 1421
153 447
153 1368
153 1503
153 2753
154 83
154 1944
154 2190
154 2556
154 3010
155 1837
155 2067
155 4048
155 5107
155 5196
155 5380
156 816
156 1578
156 2043
156 2487
156 2813
156 2816
156 3756
156 3757
156 4131
156 4306
156 4411
156 4524
156 4833
156 4868
156 5162
156 5505
157 442
157 449
157 568
157 665
157 1086
157 1141
157 1232
157 1445
157 1535
157 1563
157 1672
157 1898
157 1908
157 2034
157 2081
157 2320
157 2524
157 2832
157 3197
157 3257
157 3393
157 3449
157 3675
157 3810
157 3874
157 3891
157 4060
157 4062
157 4064
157 4082
157 4105
157 4188
157 4256
157 4333
157 4386
157 4485
157 4742
157 4840
157 4889
157 4899
157 4930
157 5071
157 5291
157 5468
157 5488
157 5490
157 5514
157 5609
157 5628
157 5697
157 5698
158 447
158 578
158 621
158 2072
158 2430
158 2633
158 4374
159 2142
159 2509
159 4360
159 5153
160 560
160 755
160 3393
160 5373
160 5600
160 5602
160 5723
161 923
161 1422
161 1550
161 2583
162 141
162 534
162 1325
162 1587
162 2791
162 3389
162 3474
162 3976
162 4217
162 4362
163 125
163 178
163 486
163 539
163 726
163 924
163 1001
163 1036
163 1053
163 1238
163 1335
163 1361
163 1385
163 1520
163 1607
163 1752
163 1848
163 1957
163 2145
163 2184
163 2204
163 2232
163 2372
163 2391
163 2689
163 2810
163 2845
163 2939
163 3146
163 3440
163 3650
163 3909
163 4113
163 4221
163 4291
163 4343
163 4391
163 4505
163 4536
163 4698
163 4802
163 4850
163 5335
163 5399
163 5476
163 5491
163 5497
163 5499
163 5521
163 5572
163 5578
163 5654
163 5660
163 5666
163 5686
163 5687
163 5700
163 5702
163 5718
163 5735
164 116
164 141
164 439
164 1293
164 1548
164 1581
164 1936
164 2145
164 2337
164 2715
164 2867
164 3085
164 3383
164 3578
164 3855
164 4050
164 4145
164 4308
164 4444
164 4446
164 4664
164 4782
164 4871
164 5190
164 5666
164 5671
165 73
165 175
165 443
165 1598
165 2370
165 2536
165 3152
165 3341
165 4295
165 4904
165 4999
165 5221
166 1307
166 4424
166 4864
166 5318
166 5471
167 2520
167 2869
167 3016
167 5380
168 789
168 1552
168 3332
168 4470
169 105
169 1191
169 4445
169 4643
169 4779
170 1807
170 3006
170 3651
170 4127
170 4603
171 310
171 384
171 610
171 1373
171 1566
171 1747
171 1896
171 1945
171 2095
171 2575
171 2927
171 2941
171 4711
172 3426
172 4199
172 4200
172 5525
173 3025
173 3397
173 3743
173 4448
173 4602
174 12
174 54
174 328
174 336
174 368
174 369
174 391
174 608
174 667
174 4124
175 3047
175 3626
175 3630
175 5255
175 5325
175 5420
175 5489
175 5503
175 5524
175 5598
175 5650
175 5656
175 5660
175 5673
175 5685
175 5729
175 5743
176 923
176 1055
176 4132
176 4332
177 897
177 3221
177 3793
177 4488
178 606
178 1214
178 1243
178 2697
178 4739
178 4902
178 5511
178 5608
179 1580
179 2606
179 3878
179 4343
180 3376
180 3519
180 4821
180 5090
181 659
181 1050
181 1345
181 1698
181 2240
181 2940
181 4638
181 4977
182 656
182 679
182 1121
182 1684
182 1832
182 1835
182 1852
182 1961
182 2355
182 2451
182 2607
182 3560
182 3578
182 3610
182 3616
182 4360
182 4407
182 4499
182 4854
182 4858
182 4949
182 5202
183 187
183 1824
183 1868
183 2677
183 3397
183 4944
183 5135
184 233
184 2546
184 3225
184 3473
184 4616
185 551
185 1362
185 2082
185 2186
185 2570
186 1206
186 1495
186 1507
186 2650
186 2820
186 3142
186 4346
186 4769
187 190
187 1127
187 1710
187 2947
187 3376
187 4635
187 4785
187 4898
187 4900
187 5036
187 5132
188 309
188 1189
188 4028
188 4089
188 4440
188 4626
189 869
189 1156
189 2544
189 2670
189 3074
189 3376
190 461
190 1533
190 4506
190 4599
191 89
191 209
191 1235
191 1290
191 2346
191 3016
191 4305
191 5428
192 2441
192 3695
192 5364
192 5605
193 188
193 1747
193 3293
193 3693
193 5065
193 5342
193 5451
194 398
194 1352
194 2327
194 2626
194 2941
194 3099
194 3247
194 3355
194 3907
194 4306
194 4528
194 4942
195 115
195 222
195 604
195 721
195 749
195 766
195 853
195 854
195 1005
195 1140
195 1330
195 1483
195 1627
195 1686
195 1767
195 1862
195 2027
195 2177
195 2677
195 2902
195 2915
195 3218
195 3430
195 4022
195 4259
195 4273
195 4347
195 5442
195 5517
195 5554
196 286
196 289
196 359
196 1445
196 1594
197 87
197 88
197 95
197 98
197 239
197 330
197 618
197 701
197 721
197 822
197 960
197 981
197 1043
197 1109
197 1143
197 1250
197 1339
197 1381
197 1396
197 1435
197 1865
197 1894
197 1920
197 2055
197 2098
197 2266
197 2343
197 2465
197 2597
197 2692
197 2990
197 3000
197 3050
197 3079
197 3253
197 3492
197 3801
197 4000
197 4155
197 4231
197 4266
197 4415
197 4654
197 4836
197 4912
197 4976
197 4984
197 5324
198 4389
198 4646
198 5407
198 5574
198 5711
199 1023
199 1170
199 2069
199 3829
199 4516
200 2994
200 3430
200 4074
200 5246
200 5251
201 1921
201 2658
201 3225
201 3315
201 4511
201 4612
201 4721
201 4856
202 64
202 524
202 571
202 1364
202 1721
202 2120
202 2129
202 2152
202 2422
202 2572
202 2810
202 2942
202 3022
202 3188
202 3276
202 3513
202 4656
202 4697
202 4929
202 5502
202 5698
202 5728
203 300
203 1351
203 2270
203 2461
203 3331
203 4239
204 802
204 2685
204 3600
204 3923
205 4541
205 4977
205 5064
205 5647
206 253
206 650
206 705
206 782
206 931
206 1592
206 1610
206 1948
206 1950
206 3198
206 3782
206 3925
206 4085
207 1062
207 1171
207 3329
207 5487
208 1375
208 2147
208 3534
208 5309
209 605
209 1013
209 1185
209 1921
209 2497
209 2511
209 2883
209 3880
209 3921
209 4124
210 634
210 761
210 1083
210 1502
210 1721
210 1821
210 2121
210 2649
210 3063
210 3402
210 4494
210 4683
210 4752
210 4981
210 5163
210 5326
210 5380
210 5407
210 5476
210 5563
210 5575
210 5588
210 5596
210 5609
210 5644
210 5684
210 5708
210 5736
211 309
211 1866
211 1917
211 2025
211 3615
211 3838
211 4218
211 4240
211 4862
212 1383
212 2050
212 2392
212 4694
212 4695
212 4845
213 236
213 610
213 993
213 1501
213 1971
213 2193
213 2618
213 2680
213 2894
213 3944
213 3966
213 4031
213 5404
214 397
214 460
214 1247
214 1273
214 1366
214 1406
214 1521
214 1575
214 1987
214 2162
214 2498
214 2658
214 2836
214 3040
214 3401
214 3798
214 4302
214 4321
214 4337
214 4361
214 4554
214 4598
214 4602
214 4688
214 4689
214 4785
214 4820
214 4861
214 4888
214 4919
214 4941
214 5264
214 5302
214 5466
214 5468
214 5561
214 5610
215 662
215 1239
215 2071
215 2155
215 2360
215 2510
215 2746
215 3373
215 3434
215 3578
215 4124
215 4375
215 4537
215 4544
215 4745
215 4775
215 4915
215 5299
216 192
216 260
216 305
216 479
216 1478
216 1746
216 1969
216 2008
216 2627
216 2763
216 2910
216 3385
216 4674
216 4836
217 687
217 1378
217 1937
217 3995
217 4009
217 4521
217 4671
217 4693
217 4750
217 4793
217 4802
217 4940
217 5152
217 5298
217 5436
217 5570
218 1209
218 1278
218 2504
218 3284
218 3394
219 313
219 316
219 1122
219 2117
219 2796
219 3392
219 4645
219 5100
220 221
220 573
220 577
220 624
220 1920
220 3332
220 3856
220 3925
220 4023
220 4055
220 4190
220 4306
220 4680
220 5107
221 70
221 746
221 773
221 1771
221 2108
221 2267
221 2318
221 3221
221 4594
221 5073
222 346
222 781
222 873
222 1424
222 1813
222 2791
222 2792
222 3127
222 3460
222 3711
222 3985
223 2551
223 3510
223 3982
223 4571
223 4615
224 197
224 798
224 1341
224 1388
224 2774
224 3821
224 4468
225 447
225 940
225 1136
225 1280
225 1432
225 2005
225 2921
225 3085
225 3125
225 3220
225 3540
225 3653
225 3663
225 3891
225 4480
226 344
226 922
226 1300
226 2739
226 2832
226 3112
226 3630
226 3901
226 4081
226 4590
226 5469
226 5500
227 726
227 1353
227 1753
227 4441
228 1301
228 1450
228 1654
228 1729
228 1777
228 1971
228 2115
228 3239
228 3341
228 3376
228 3791
228 4916
228 5095
228 5307
229 2
229 865
229 1053
229 1117
229 1156
229 1468
229 1799
229 2230
229 2284
229 2548
229 2566
229 2855
229 2971
229 3009
229 3081
229 3170
229 4115
229 4357
229 4889
229 5244
229 5351
229 5377
229 5456
229 5476
229 5480
229 5561
229 5610
229 5643
229 5684
229 5707
229 5713
230 422
230 1758
230 2341
230 4806
231 272
231 752
231 802
231 1553
231 1577
231 1737
231 1738
231 1769
231 1890
231 2738
231 3424
231 3444
231 5173
231 5392
232 193
232 2243
232 2446
232 2810
233 149
233 3247
233 3819
233 4067
233 4339
234 18
234 19
234 20
234 139
234 504
234 1054
234 1439
234 1666
234 3058
234 3491
234 4424
234 4454
234 4864
234 4912
234 5100
234 5268
234 5300
234 5390
234 5450
234 5527
235 466
235 1531
235 1958
235 3702
236 1179
236 1321
236 3568
236 4752
236 4891
236 5139
236 5348
236 5496
236 5561
236 5610
237 143
237 360
237 686
237 1362
237 1365
237 1462
237 2040
237 2564
238 499
238 847
238 1108
238 2067
238 2157
238 2591
238 3709
238 4138
238 4807
239 2231
239 3060
239 3265
239 3358
239 3652
240 2436
240 3477
240 3637
240 4188
241 208
241 779
241 2233
241 3439
241 4317
242 345
242 778
242 3548
242 4712
243 461
243 1592
243 2569
243 3475
244 1045
244 3603
244 3604
244 4029
245 752
245 2308
245 3225
245 4876
245 4877
245 4912
245 5098
246 26
246 358
246 777
246 2058
246 2473
246 3010
246 5223
247 280
247 936
247 3126
247 3155
247 5533
248 92
248 145
248 146
248 307
248 514
248 823
248 824
248 832
248 933
248 965
248 1116
248 1413
248 1798
248 1941
248 1983
248 2044
248 2963
248 3283
248 3342
248 3347
248 3380
248 3381
248 3704
248 3724
248 3777
248 3869
248 4510
248 4843
248 4917
248 5358
248 5538
249 106
249 123
249 294
249 593
249 778
249 1083
249 1168
249 1752
249 1919
249 2441
249 2539
249 2633
249 3017
249 3243
249 3316
249 3386
249 3416
249 3432
249 3746
249 3763
249 3882
249 3953
249 3991
249 4042
249 4534
249 4535
249 4538
249 4600
249 4605
249 4679
249 5257
249 5303
249 5609
249 5703
249 5709
249 5727
250 841
250 1126
250 1928
250 2162
250 2803
250 3122
250 3768
250 3798
250 3891
250 3927
250 4031
250 4141
250 4281
250 4689
250 5326
250 5349
250 5380
250 5394
250 5407
250 5561
250 5610
250 5675
250 5681
250 5682
250 5684
250 5731
251 1293
251 2133
251 3131
251 3242
251 5094
251 5196
252 379
252 1530
252 2430
252 3263
252 3815
252 4297
252 4416
252 4568
253 564
253 685
253 1838
253 1874
253 2132
253 2676
253 4662
253 4947
253 5441
254 118
254 858
254 1419
254 4209
255 488
255 3397
255 3443
255 3699
255 3825
256 1587
256 1685
256 3305
256 3546
256 4804
256 4874
257 978
257 1784
257 1990
257 4164
258 823
258 971
258 1489
258 2255
258 2257
258 2628
258 4292
258 5282
259 1416
259 1602
259 1920
259 2992
259 3321
260 438
260 500
260 1494
260 1790
260 1900
260 1934
260 2735
260 4338
261 1572
261 2219
261 3468
261 4329
261 5296
262 2468
262 3323
262 4219
262 5143
262 5386
262 5449
262 5450
262 5615
262 5626
262 5731
262 5739
263 193
263 469
263 747
263 813
263 1082
263 1524
263 1566
263 1657
263 2178
263 2293
263 2835
263 2844
263 3179
263 3955
263 4042
263 4060
263 4064
263 4080
263 4133
263 4706
263 4729
263 4880
263 5128
263 5136
263 5148
263 5163
263 5180
263 5354
263 5415
263 5435
263 5500
263 5540
263 5574
263 5668
264 622
264 1947
264 2194
264 2309
264 3341
264 4015
265 259
265 759
265 2404
265 3654
265 4563
266 491
266 560
266 845
266 1022
266 2422
266 2505
266 4220
267 1
267 1851
267 2154
267 2515
267 2885
267 3390
267 3402
267 3496
267 3520
267 3698
267 3948
267 4268
267 4534
267 4590
267 4679
267 4742
267 4750
267 5131
267 5133
267 5199
267 5632
268 881
268 1416
268 1592
268 2067
268 2068
268 3276
268 3503
268 4174
268 4686
268 4777
268 4870
268 4939
268 5135
269 939
269 990
269 2454
269 2965
269 3139
269 4538
269 5360
269 5444
270 198
270 633
270 1481
270 2441
270 2798
270 4415
270 4639
270 5110
270 5166
270 5326
271 53
271 81
271 253
271 467
271 515
271 523
271 541
271 643
271 775
271 880
271 948
271 991
271 1046
271 1531
271 1564
271 2217
271 2387
271 2713
271 2729
271 2771
271 2932
271 3333
271 3402
271 3704
271 4083
271 4382
271 4472
271 4700
271 4717
271 4744
271 5256
271 5285
271 5339
272 1083
272 1301
272 1750
272 2082
272 2468
272 2553
272 2657
272 2828
272 3215
272 3529
272 4046
272 4433
272 4478
272 5013
272 5288
272 5419
272 5568
272 5610
272 5624
272 5667
272 5697
272 5708
272 5726
273 115
273 226
273 966
273 2288
273 3698
273 4175
273 4431
274 381
274 400
274 722
274 816
274 878
274 936
274 1040
274 1175
274 1347
274 1434
274 1440
274 1476
274 1694
274 1799
274 1826
274 2017
274 2113
274 2158
274 2225
274 2329
274 2334
274 2476
274 2549
274 2821
274 2861
274 2867
274 2941
274 3158
274 3271
274 3277
274 3365
274 3465
274 3549
274 3795
274 3973
274 4316
274 5260
274 5419
274 5443
275 875
275 1627
275 1632
275 2523
275 2851
275 4235
275 5005
276 2018
276 3856
276 4466
276 4525
276 4923
277 382
277 1001
277 1053
277 1063
277 1102
277 2169
277 2633
277 2813
277 3192
277 3447
277 3455
277 4016
277 4864
277 4941
277 5049
277 5244
277 5348
277 5389
277 5466
277 5609
278 446
278 494
278 2474
278 3118
278 3977
278 4124
278 4441
278 4750
278 5383
278 5487
279 2009
279 2989
279 3000
279 3183
279 3808
279 5581
280 510
280 511
280 2192
280 2319
280 2443
280 2917
280 5553
281 854
281 3269
281 3372
281 4993
281 5547
282 3511
282 3750
282 4223
282 4359
282 4692
283 512
283 673
283 2195
283 2610
283 3403
284 759
284 983
284 1020
284 1307
284 1330
284 1511
284 1597
284 1682
284 1747
284 1939
284 2326
284 2486
284 2528
284 2570
284 2848
284 3259
284 3397
284 3776
284 4410
285 1265
285 3160
285 3991
285 4973
286 52
286 99
286 237
286 243
286 350
286 370
286 395
286 492
286 599
286 627
286 674
286 1359
286 1543
286 1596
286 1765
286 1837
286 2177
286 2298
286 2561
286 2808
286 3223
286 3353
286 3412
286 3557
286 4166
286 5412
287 1398
287 3433
287 3480
287 3646
287 3693
287 4482
288 1137
288 2110
288 4345
288 4361
289 255
289 651
289 3090
289 3216
289 3698
290 912
290 2313
290 2675
290 2726
290 3221
290 4758
291 156
291 157
291 596
291 714
291 716
291 1601
291 3019
291 4241
292 2112
292 2398
292 3402
292 3723
292 4334
292 5127
292 5733
293 172
293 1296
293 2325
293 3219
293 3366
293 3493
293 4141
293 4232
293 4784
293 5345
294 871
294 2933
294 3361
294 4859
295 898
295 1455
295 1924
295 2849
295 3224
295 4370
296 1079
296 1430
296 2808
296 2941
297 1042
297 3397
297 3758
297 3955
298 767
298 1197
298 1199
298 1659
298 4653
298 5034
298 5035
298 5321
299 3857
299 4325
299 5001
299 5020
300 405
300 657
300 1154
300 3400
300 4644
301 1127
301 3240
301 3465
301 3894
301 4688
301 5387
301 5411
301 5592
301 5732
302 1363
302 1587
302 3575
302 3885
302 4301
302 5010
303 268
303 1163
303 2290
303 4783
304 134
304 1621
304 2011
304 2643
304 2706
304 2752
304 3891
304 5187
305 1299
305 1730
305 2060
305 3775
305 4043
306 115
306 371
306 2344
306 2345
306 3145
306 3255
306 3288
306 3659
306 3892
306 3905
306 4308
307 373
307 620
307 639
307 1158
307 1740
307 3419
307 4689
307 5026
308 2448
308 3024
308 4187
308 4191
308 4546
309 42
309 194
309 950
309 1583
309 1806
309 1821
309 2063
309 2876
309 2883
309 2907
309 3053
309 3225
309 3525
309 3735
309 3804
309 4144
309 4619
309 4713
309 4722
309 4750
309 4951
310 202
310 357
310 989
310 1730
310 1846
310 2223
310 3679
310 4003
310 4319
310 4711
310 4770
310 5061
310 5597
311 268
311 573
311 1404
311 3016
311 3785
312 256
312 569
312 967
312 1024
312 1472
312 1479
312 1920
312 1999
312 2372
312 2568
312 2627
312 4056
312 4297
312 4329
312 4431
312 4451
312 4616
312 4618
312 5236
312 5238
312 5464
313 3210
313 4970
313 5053
313 5268
313 5377
314 732
314 1887
314 4458
314 4776
315 1101
315 1859
315 2261
315 2317
315 2385
315 3447
315 3879
315 4013
315 4360
315 5255
315 5712
316 380
316 671
316 1333
316 1830
316 1920
316 3136
316 3693
316 3736
316 4312
316 4683
316 5066
317 665
317 1546
317 2297
317 2762
317 2878
317 4039
318 132
318 173
318 175
318 792
318 1073
318 1318
318 1463
318 1585
318 1804
318 2773
318 3211
318 3341
318 3790
318 3884
318 3894
318 4524
319 837
319 1358
319 2733
319 4545
320 615
320 1988
320 2062
320 2728
320 3117
320 4144
320 4936
321 698
321 1519
321 1901
321 1986
321 2221
321 2571
321 2751
321 2857
321 3018
321 3581
321 3693
321 4249
321 4436
321 4634
321 5280
321 5380
322 327
322 1049
322 1198
322 1931
322 2252
322 3393
322 5660
323 690
323 838
323 3772
323 4507
323 4579
323 5101
324 3611
324 3925
324 4765
324 4814
324 5308
325 199
325 804
325 894
325 1403
325 2094
325 2883
325 3046
325 3110
325 4278
325 4741
325 4955
325 5216
325 5217
326 1130
326 1157
326 1288
326 1371
326 1673
326 2125
326 2239
326 2461
326 2467
326 3035
326 3126
326 3363
326 3565
326 3726
326 3831
326 3839
326 3848
326 3925
326 4044
326 4064
326 4065
326 4156
326 4296
326 4332
326 4354
326 4987
326 5494
326 5561
326 5563
326 5683
327 868
327 1011
327 2783
327 3390
327 3628
327 4019
327 4688
327 4968
327 5373
327 5466
327 5530
327 5684
328 255
328 464
328 1184
328 4679
328 5076
329 67
329 235
329 245
329 247
329 248
329 254
329 291
329 377
329 386
329 400
329 407
329 423
329 434
329 735
329 776
329 1160
329 1633
329 1829
329 2052
329 2056
329 2105
329 2218
329 2331
329 2767
329 2887
329 3209
329 3305
329 3306
329 3393
329 3816
329 4519
329 5032
329 5244
329 5348
329 5538
329 5574
329 5610
329 5614
329 5624
329 5625
329 5692
330 716
330 1132
330 1587
330 2166
330 2397
331 584
331 632
331 1466
331 1727
331 1886
331 2001
331 2147
331 2156
331 2590
331 2802
331 3479
331 3550
331 3990
331 5620
332 178
332 390
332 610
332 3024
332 3199
332 3359
333 560
333 655
333 1315
333 3185
334 2521
334 2948
334 3031
334 3101
335 23
335 406
335 649
335 846
335 1399
335 2312
335 2419
335 2499
335 2999
335 3036
335 3051
335 3078
335 3117
335 3958
335 4624
336 112
336 446
336 1168
336 1260
336 1347
336 2029
336 2468
336 2601
336 2795
336 3666
336 5032
336 5135
337 351
337 393
337 2202
337 2706
338 113
338 213
338 447
338 1176
338 1534
338 1712
338 3514
338 3811
338 5327
339 740
339 1218
339 2035
339 4447
339 4543
339 5280
340 22
340 46
340 349
340 999
340 1693
340 2286
340 2612
340 2626
340 2775
340 2950
340 3010
340 3567
340 3693
340 4344
340 4778
341 6
341 3995
341 5023
341 5027
342 72
342 498
342 556
342 874
342 1176
342 1183
342 1480
342 1715
342 1749
342 1820
342 1859
342 1922
342 1930
342 1931
342 1939
342 2029
342 2094
342 2187
342 2228
342 2296
342 2506
342 2549
342 2573
342 2745
342 2757
342 2892
342 3058
342 3078
342 3134
342 3189
342 3228
342 3300
342 3414
342 3466
342 3925
342 4088
342 4152
342 4303
342 4522
342 4541
342 4640
342 4730
342 4750
342 4765
342 4851
342 4918
342 4935
342 5155
342 5235
342 5249
342 5271
342 5332
343 168
343 573
343 635
343 1283
343 1416
343 2118
343 2743
343 2858
343 3014
343 4790
343 4831
343 5578
343 5579
343 5707
343 5713
344 2139
344 2801
344 4463
344 5476
345 270
345 513
345 1653
345 1665
345 1666
345 1668
345 1989
345 2730
345 3031
345 3674
345 4678
345 5007
346 936
346 2041
346 2378
346 4411
346 4869
346 5213
346 5419
347 481
347 947
347 2105
347 2949
347 3171
347 3627
347 4340
347 4392
347 4561
347 4898
347 5215
347 5348
347 5473
347 5717
348 288
348 651
348 971
348 986
348 2269
348 3263
349 1157
349 2315
349 4688
349 5431
349 5708
349 5711
350 302
350 491
350 1608
350 2463
350 2538
350 5380
350 5690
351 473
351 647
351 763
351 3799
351 5688
352 3823
352 4244
352 4997
352 5387
352 5391
352 5600
353 501
353 1262
353 1529
353 1763
353 2646
353 2667
353 2696
353 3462
353 3671
353 3682
353 3860
353 4014
353 5054
353 5074
353 5316
354 3076
354 3497
354 4271
354 4696
355 177
355 1595
355 2259
355 2322
355 2575
355 2974
355 3178
355 3276
355 4731
355 4734
356 272
356 565
356 566
356 2725
357 259
357 1536
357 1624
357 1876
358 64
358 1443
358 3678
358 4087
358 4314
358 4817
358 5195
359 2768
359 3057
359 4298
359 4767
360 440
360 2437
360 2738
360 4161
360 4214
360 4249
361 447
361 3213
361 4176
361 4612
362 662
362 771
362 1652
362 2446
363 2430
363 4027
363 4134
363 4771
364 731
364 777
364 2494
364 2737
364 2758
364 3054
364 3204
364 3919
364 4134
364 4269
364 4403
364 4778
364 5016
364 5021
364 5172
364 5482
364 5492
365 540
365 729
365 1093
365 1419
365 2941
365 3698
365 4361
365 5112
365 5529
365 5559
365 5565
366 2502
366 3611
366 4234
366 4477
366 4537
366 4802
366 4857
366 4901
366 4969
366 5294
367 736
367 1595
367 3077
367 3945
368 17
368 21
368 809
368 1246
368 1387
368 1783
368 1897
368 1907
368 2032
368 2531
368 2595
368 2792
368 2928
368 3714
368 4352
368 5142
368 5258
368 5430
369 272
369 721
369 1498
369 2224
370 436
370 3792
370 5063
370 5340
371 1549
371 1730
371 2125
371 2449
371 2484
371 3557
371 3837
372 469
372 642
372 748
372 1469
372 5058
373 1353
373 1415
373 2701
373 3558
373 3754
374 132
374 463
374 1323
374 3440
374 3445
374 3922
374 4124
374 4762
375 409
375 1177
375 2766
375 3887
376 3839
376 4110
376 4756
376 4900
377 469
377 597
377 3037
377 3203
377 4121
377 4473
377 4513
377 4873
378 89
378 1684
378 2285
378 2941
378 3779
378 4411
379 1220
379 1485
379 1981
379 2401
379 2687
379 2754
379 3041
379 3252
379 3423
379 4499
379 4753
379 4914
379 5000
379 5604
380 1056
380 1178
380 2059
380 5361
381 2477
381 2691
381 5317
381 5427
382 2365
382 3014
382 3232
382 3299
382 3390
382 3526
382 3574
382 3698
382 3946
382 3977
382 4042
382 4055
382 4205
382 4306
382 4411
382 4567
383 428
383 1023
383 1409
383 1507
383 1517
383 2084
383 2475
383 2577
383 3521
383 3660
383 4701
383 4773
384 28
384 180
384 182
384 2073
384 5243
385 2374
385 2375
385 3485
385 4002
386 536
386 713
386 1482
386 2373
386 3153
386 3559
386 5263
387 285
387 914
387 1276
387 1811
387 2339
387 2442
387 2456
387 2458
387 2459
387 2462
387 2911
387 4091
387 4342
388 2817
388 2819
388 2891
388 4399
388 5274
389 38
389 505
389 526
389 1951
389 5149
390 863
390 1205
390 3276
390 3856
390 4673
390 5087
391 122
391 241
391 260
391 322
391 413
391 468
391 501
391 535
391 730
391 821
391 963
391 1016
391 1098
391 1198
391 1344
391 1658
391 2124
391 2594
391 2758
391 2788
391 2924
391 2991
391 3286
391 3397
391 3421
391 3566
391 3978
391 4592
391 4802
391 4968
391 5185
391 5297
391 5348
392 0
392 41
392 58
392 65
392 183
392 184
392 261
392 525
392 530
392 1000
392 1389
392 1456
392 1492
392 2053
392 2877
392 2967
392 3970
392 4377
392 4614
392 5082
393 428
393 1511
393 1927
393 2508
393 3131
394 130
394 301
394 390
394 876
395 494
395 818
395 1023
395 2292
395 2475
395 2736
395 2794
396 3297
396 3369
396 4394
396 4833
397 123
397 385
397 854
397 1100
397 1179
397 1190
397 1497
397 1914
397 3306
397 3471
397 4201
397 4202
397 4500
397 4555
397 4604
397 4728
397 5230
398 108
398 368
398 791
398 883
398 3016
398 4369
398 4688
398 5056
398 5164
398 5167
398 5306
399 4007
399 4036
399 5363
399 5421
400 124
400 2822
400 3182
400 4034
401 627
401 2941
401 5131
401 5377
401 5383
401 5561
401 5609
402 774
402 930
402 1834
402 2394
402 2896
402 3043
402 3591
402 3866
402 4073
402 4212
402 4568
402 4711
402 4718
402 4750
402 4915
402 4964
402 5068
402 5180
402 5231
402 5270
402 5330
402 5487
402 5575
402 5610
402 5693
403 67
403 173
403 175
403 267
403 347
403 360
403 365
403 796
403 1538
403 1879
403 2431
403 2433
403 3256
403 3392
403 3534
403 3619
403 3931
403 4052
403 4476
403 4548
403 4904
403 4975
404 592
404 926
404 1829
404 2205
404 4790
404 4810
404 5183
405 246
405 601
405 725
405 945
405 1660
405 1662
405 1762
405 2019
405 2134
405 2549
405 2777
405 3106
405 3146
405 3266
405 3865
405 3979
405 4828
406 24
406 177
406 234
406 328
406 357
406 421
406 503
406 535
406 848
406 1131
406 1620
406 1667
406 1831
406 1871
406 1893
406 1900
406 2302
406 2597
406 3489
406 4042
406 4079
406 4119
406 4120
406 4122
406 4123
406 4575
406 4734
406 4825
406 5087
406 5234
406 5472
407 1952
407 1992
407 2638
407 3580
408 1370
408 2656
408 3405
408 5024
409 118
409 186
409 269
409 379
409 562
409 740
409 750
409 793
409 984
409 1008
409 1708
409 1837
409 2002
409 2385
409 2616
409 2702
409 2703
409 2816
409 2819
409 2880
409 2945
409 3179
409 3397
409 3523
409 3699
409 4411
409 4860
409 5062
409 5067
409 5493
409 5510
409 5568
410 735
410 1049
410 1484
410 2040
410 2229
410 2897
410 3700
410 4041
410 4833
411 1351
411 2579
411 3099
411 3255
411 3798
411 4078
411 4752
411 5711
412 74
412 103
412 169
412 175
412 357
412 752
412 982
412 1014
412 1081
412 1112
412 1365
412 1390
412 1774
412 2449
412 2883
412 3341
412 3367
412 3600
412 4822
412 4833
413 446
413 447
413 1087
413 1621
413 1971
413 2121
413 2379
413 2567
413 3173
413 3283
413 3762
413 5148
414 192
414 193
414 721
414 1031
414 1955
414 2980
414 2981
414 4577
415 986
415 1916
415 2009
415 2067
415 2160
415 3495
416 606
416 4640
416 4688
416 4689
416 4864
417 4424
417 4425
417 4635
417 5692
418 1008
418 1101
418 1733
418 1997
419 151
419 462
419 753
419 1324
419 1834
419 1882
419 1917
419 2053
419 3808
420 2009
420 2918
420 2960
420 3578
420 4957
421 1153
421 1417
421 4186
421 5098
421 5380
421 5456
421 5548
421 5627
421 5633
421 5654
422 132
422 2128
422 2351
422 4412
423 1931
423 3867
423 4335
423 4432
423 5350
424 9
424 144
424 261
424 317
424 323
424 354
424 446
424 528
424 1222
424 1270
424 1287
424 1587
424 1949
424 2185
424 2399
424 2661
424 2964
424 2970
424 3120
424 3200
424 3277
424 3319
424 3351
424 3679
424 3846
424 3862
424 3868
424 4431
424 4928
425 43
425 158
425 1457
425 2473
425 4493
426 1725
426 4008
426 4536
426 4608
427 325
427 419
427 877
427 1058
427 1473
427 1718
427 2400
427 2627
427 3468
428 1293
428 1896
428 1945
428 3323
428 3324
428 4826
428 5100
428 5144
428 5227
428 5530
428 5575
428 5728
429 1244
429 2967
429 3744
429 4140
429 4523
430 647
430 1863
430 2161
430 4021
431 1748
431 2168
431 2632
431 3814
431 4132
431 4208
432 988
432 1083
432 1488
432 3409
432 3425
432 3815
432 3895
432 4159
432 4798
432 4970
432 4996
432 5124
432 5127
432 5129
432 5169
432 5524
432 5534
432 5574
432 5589
432 5606
432 5706
432 5711
433 1095
433 1448
433 1804
433 2704
433 2859
433 3022
433 3117
433 3493
433 4903
434 1012
434 1731
434 1980
434 3525
435 156
435 287
435 416
435 549
435 919
435 1047
435 1691
435 1995
435 2019
435 2653
435 2719
435 3833
435 4596
435 4666
435 5025
435 5202
436 900
436 1022
436 2647
436 3663
437 2584
437 3328
437 3897
437 5343
438 1189
438 1685
438 2399
438 4431
438 5108
438 5184
439 75
439 181
439 2276
439 2471
439 2935
439 3116
439 3261
439 4101
439 4143
440 982
440 994
440 2064
440 3120
440 4378
441 170
441 1321
441 1850
441 3915
442 1939
442 2317
442 2793
442 3237
442 4435
443 2706
443 3715
443 4033
443 4150
443 4483
444 261
444 1374
444 1392
444 2054
444 4414
444 4792
445 3308
445 3658
445 4894
445 5186
446 5719
446 5720
446 5724
446 5734
446 5745
446 5746
446 5747
446 5748
447 480
447 841
447 1613
447 1871
447 1882
447 3409
447 4224
447 4705
447 4951
447 5087
448 63
448 1622
448 2556
448 3097
448 3622
448 3669
448 4246
448 4308
448 5246
449 607
449 888
449 1510
449 2189
449 2724
450 181
450 387
450 721
450 726
450 866
450 1750
450 2675
450 3319
450 3796
450 4422
450 4572
450 4833
450 5283
451 2435
451 2493
451 3056
451 3280
451 3332
451 4328
452 49
452 702
452 2708
452 3028
452 4020
452 4712
452 4742
453 131
453 721
453 2620
453 4655
453 5188
454 446
454 447
454 781
454 1053
454 1280
454 1372
454 1401
454 1419
454 1497
454 1655
454 2013
454 2014
454 2181
454 2614
454 2815
454 3338
454 3446
454 3896
454 3991
454 4055
454 4107
454 4147
454 4232
454 4244
454 4294
454 4485
454 4729
454 4823
454 4915
454 4964
454 5130
454 5131
454 5169
454 5314
454 5325
454 5342
454 5349
454 5407
454 5494
454 5503
454 5524
454 5534
454 5650
454 5653
454 5721
454 5728
455 365
455 1258
455 2179
455 2767
455 4616
455 4661
456 852
456 1328
456 2024
456 2698
456 3448
456 4049
456 4367
456 4703
457 736
457 1381
457 3130
457 3287
457 5146
457 5505
458 483
458 1371
458 1702
458 1703
458 1704
458 2146
458 2826
458 3045
458 3377
458 3493
458 3509
458 4100
458 4272
458 4357
458 4558
458 4559
458 4598
458 4682
458 4803
458 5330
458 5395
458 5728
459 862
459 893
459 910
459 1609
459 1939
459 4677
459 5151
460 343
460 543
460 1671
460 1834
460 2098
460 2316
460 2372
460 2810
460 3190
460 3429
460 3653
460 3735
460 3808
460 4455
460 4489
461 2067
461 2285
461 2430
461 4299
461 5087
462 7
462 3213
462 4465
462 5175
463 69
463 997
463 998
463 1587
463 2901
463 3562
463 4286
464 2804
464 3687
464 4808
464 4977
465 943
465 5339
465 5348
465 5446
466 563
466 2605
466 3607
466 4542
467 651
467 1230
467 1307
467 1308
467 1950
467 2554
467 3222
468 861
468 2683
468 2946
468 3177
469 2053
469 2686
469 4031
469 4726
469 5347
470 1164
470 1303
470 1357
470 1549
470 3522
470 4013
471 662
471 2338
471 4019
471 5272
471 5530
472 745
472 949
472 3301
472 3730
473 1685
473 2441
473 2549
473 3218
473 3546
473 4129
473 4401
473 4428
474 2978
474 2980
474 2981
474 3947
475 825
475 843
475 1309
475 2091
475 2764
475 4500
475 4764
475 5239
476 96
476 362
476 1813
476 1837
477 1685
477 3818
477 4001
477 4699
478 3410
478 4134
478 4669
478 5165
478 5170
478 5323
479 400
479 733
479 882
479 1996
479 2831
479 5244
479 5342
479 5344
479 5348
479 5349
479 5439
479 5699
479 5710
479 5728
480 1333
480 2116
480 2810
480 3390
480 4084
481 1319
481 1471
481 1813
481 2418
481 2615
481 3094
481 3401
481 3893
481 4178
481 5462
482 254
482 293
482 295
482 567
482 721
482 976
482 1564
482 3010
482 3544
482 3925
482 4005
482 4487
482 5161
482 5508
483 521
483 1257
483 1320
483 1775
483 2092
483 2850
483 3095
483 4183
483 5002
483 5269
483 5428
484 2833
484 4306
484 4484
484 4625
485 1605
485 2159
485 4537
485 4841
485 5519
486 280
486 553
486 1002
486 2015
486 2658
486 2881
486 3178
486 4887
486 5077
487 1293
487 1397
487 3181
487 3620
487 4750
487 4995
487 5261
488 1747
488 3135
488 3164
488 3294
488 3949
488 4594
488 5674
489 402
489 562
489 680
489 1505
489 1506
489 2918
489 2954
489 3488
489 4355
489 4480
489 4515
489 4769
489 5595
490 465
490 1229
490 1547
490 1594
490 1612
490 2078
490 2256
490 2532
490 3332
490 3543
490 3578
490 4555
491 214
491 308
491 1261
491 1559
491 2214
492 100
492 678
492 2491
492 3307
492 3374
492 3702
492 3710
492 4144
492 4958
492 5012
492 5518
493 651
493 896
493 1067
493 1181
493 1213
493 1284
493 1285
493 1507
493 1842
493 1994
493 2033
493 2038
493 2634
493 3160
493 3312
493 3364
493 3733
493 3968
493 4630
493 4868
493 5018
493 5212
493 5394
494 420
494 797
494 1053
494 1207
494 1739
494 1769
494 1864
494 2096
494 2273
494 2625
494 3481
494 4326
494 5715
495 1026
495 1805
495 2200
495 2785
495 3232
495 3573
495 3590
495 5141
495 5196
496 9
496 86
496 238
496 352
496 392
496 408
496 518
496 800
496 901
497 676
497 1245
497 2702
497 2847
497 3002
497 3132
497 3159
497 3304
497 4010
498 1139
498 1373
498 1409
498 1507
498 1759
498 1891
498 2141
498 2358
498 2412
498 2619
498 2715
498 2818
498 2953
498 3167
498 3397
498 3938
498 4025
498 4240
498 4431
498 4944
498 5512
498 5513
499 1188
499 1438
499 1570
499 1762
499 2325
499 2755
499 5277
500 1255
500 3350
500 3634
500 5150
501 1138
501 1316
501 3346
501 4742
501 4750
501 4763
502 2716
502 3016
502 4329
502 4582
502 4669
502 4750
502 4790
502 4884
502 4885
502 5087
502 5566
502 5617
503 721
503 1998
503 3226
503 4711
503 5001
504 188
504 904
504 1720
504 2026
504 2526
504 5453
504 5456
504 5742
505 1687
505 1909
505 2530
505 4195
506 64
506 162
506 233
506 661
506 774
506 886
506 887
506 1540
506 1845
506 2853
506 2884
506 3133
506 3504
506 3770
506 4186
506 4442
506 4839
506 5039
506 5119
507 1579
507 1895
507 2262
507 3557
507 4637
508 624
508 2008
508 2592
508 3803
508 4647
508 5196
508 5218
508 5549
508 5663
509 303
509 328
509 502
509 681
509 985
509 1374
509 1554
509 1697
509 2010
509 5536
510 3625
510 3754
510 3763
510 4613
510 4832
511 415
511 433
511 846
511 2220
511 3034
512 1519
512 1770
512 1836
512 2212
512 4295
512 4732
513 87
513 2410
513 2671
513 3527
513 4049
513 4230
513 4298
513 5137
514 487
514 786
514 1286
514 2786
514 4126
514 4154
515 413
515 2164
515 3994
515 4098
516 161
516 718
516 807
516 909
516 1884
516 1912
516 2444
516 2448
516 2879
517 185
517 765
517 814
517 815
517 2772
517 3212
518 3091
518 3127
518 3422
518 3760
518 5284
519 1490
519 1650
519 2136
519 2254
519 3537
519 3613
519 4129
519 4349
519 4602
519 5695
520 103
520 722
520 923
520 1089
520 1305
520 2870
520 3959
520 5255
520 5576
520 5677
521 735
521 738
521 1251
521 3917
522 116
522 2135
522 3608
522 4881
523 290
523 1747
523 3157
523 3725
523 3826
523 4117
524 418
524 2480
524 2585
524 5281
525 853
525 854
525 2814
525 4660
526 519
526 1504
526 1695
526 1903
526 2366
526 3027
526 4893
527 71
527 143
527 154
527 189
527 1263
527 1451
527 2190
527 2740
527 3816
527 4595
527 4788
528 2984
528 3086
528 3693
528 4322
528 4490
528 4848
528 5222
528 5338
528 5590
529 575
529 925
529 1252
529 1601
529 1604
529 1816
529 4324
530 218
530 336
530 350
530 365
530 481
530 581
530 754
530 1025
530 1105
530 1799
530 1975
530 2679
530 3329
530 3745
530 3891
530 4002
530 4106
530 4185
530 4219
530 4415
530 4535
530 4797
530 4994
530 5205
530 5355
530 5378
530 5460
530 5625
531 1626
531 1642
531 1991
531 4908
531 5154
532 1926
532 2004
532 2062
532 2582
532 5334
533 784
533 2689
533 2710
533 3918
534 2176
534 2406
534 2664
534 4405
534 4802
534 5658
535 206
535 207
535 231
535 552
535 589
535 660
535 827
535 1084
535 1181
535 1314
535 1327
535 1551
535 1675
535 1712
535 1778
535 2051
535 2148
535 2268
535 2289
535 2496
535 2640
535 2723
535 3285
535 4226
535 4814
535 4837
535 4842
535 5084
535 5494
536 249
536 268
536 591
536 1488
536 2823
536 3578
537 687
537 696
537 1174
537 3450
537 3555
537 3677
537 3864
537 3995
537 4665
537 5320
538 1122
538 2241
538 2247
538 2627
538 3054
538 3558
539 429
539 491
539 1034
539 1055
539 1057
539 1060
539 1110
539 1133
539 1162
539 1166
539 1269
539 1306
539 1355
539 1434
539 1457
539 1588
539 1839
539 1932
539 2065
539 2169
539 2208
539 2321
539 2348
539 2349
539 2437
539 2460
539 2559
539 2677
539 2698
539 2721
539 2768
539 3083
539 3319
539 3345
539 3500
539 3572
539 3584
539 3693
539 4025
539 4239
539 4460
539 4465
539 4892
539 4956
539 4988
539 4989
539 5028
539 5135
539 5416
539 5456
540 347
540 2627
540 5052
540 5522
541 405
541 1714
541 2342
541 4186
541 4456
541 4819
542 977
542 1465
542 4077
542 4909
542 5367
543 795
543 1772
543 2174
543 2224
543 2352
543 2622
543 3987
543 4050
543 4443
543 5192
544 417
544 437
544 1764
544 1906
545 982
545 1223
545 4920
545 5309
545 5562
546 532
546 2483
546 2717
546 4251
546 4512
546 5142
547 3661
547 3835
547 4134
547 4725
548 169
548 174
548 175
548 431
548 2903
548 4568
548 4720
549 115
549 854
549 1071
549 3453
549 3506
550 249
550 2362
550 2505
550 2700
550 4290
551 1442
551 1493
551 1594
551 2023
551 2518
551 2928
551 3195
551 3387
551 3707
551 4034
551 5433
551 5664
552 744
552 3193
552 3933
552 4125
552 4238
553 1231
553 1311
553 1513
553 1734
553 1844
553 3275
553 4364
554 14
554 15
554 3824
554 5339
555 508
555 2472
555 2744
555 3431
555 3932
555 3943
555 4130
555 4948
555 5524
556 622
556 895
556 1996
556 2694
556 3578
557 1954
557 2139
557 2299
557 3454
557 4306
557 4436
557 4651
557 4757
558 1033
558 3225
558 3263
558 4300
558 5226
559 1187
559 1219
559 1367
559 2068
559 2652
559 2841
559 3276
559 3378
559 4461
559 4771
559 4983
559 5085
560 2951
560 3437
560 4131
560 4605
560 5051
560 5498
561 133
561 1150
561 2600
561 2749
561 2915
561 3349
561 4090
561 5253
561 5267
562 464
562 1201
562 1646
562 3201
562 5115
563 839
563 2251
563 2254
563 4602
563 4675
564 1081
564 2453
564 2820
564 4055
564 5111
565 122
565 629
565 872
565 1972
565 2172
565 2732
565 4261
565 5593
566 859
566 2096
566 2957
566 3889
566 5069
566 5174
567 304
567 1003
567 2131
567 5564
568 47
568 165
568 252
568 315
568 374
568 378
568 581
568 704
568 803
568 1337
568 1591
568 2494
568 2778
568 3048
568 3633
568 3898
568 4496
568 4966
569 1202
569 1322
569 3502
569 4456
569 5196
569 5208
570 431
570 877
570 1500
570 2868
570 3794
570 5168
570 5226
571 2372
571 2920
571 3014
571 3653
571 4211
571 4252
571 4491
571 5418
572 957
572 1022
572 1833
572 1849
572 4086
572 4095
572 4867
573 138
573 227
573 525
573 530
573 534
573 594
573 648
573 1261
573 2067
573 2223
573 3397
573 3524
573 3918
573 4059
573 4585
573 4704
573 4772
573 4907
573 5103
574 410
574 1380
574 3003
574 3541
575 619
575 871
575 3434
575 4750
575 4885
575 5042
576 1687
576 1853
576 2274
576 4338
576 4616
577 45
577 61
577 364
577 554
577 1713
577 3295
577 4249
577 4706
577 5200
578 951
578 1374
578 1436
578 2131
578 2153
578 2335
578 2549
578 2798
578 3069
578 3476
578 4423
578 4549
578 5287
578 5439
578 5452
578 5455
578 5509
578 5533
578 5741
579 68
579 787
579 2305
579 3088
579 3339
580 1088
580 3623
580 3624
580 4409
581 355
581 1423
581 3131
581 4904
582 230
582 259
582 1302
582 1726
582 1728
582 1996
582 2310
582 2560
582 2677
582 2816
582 3848
582 4193
582 5366
583 268
583 272
583 537
583 1003
583 1395
583 1837
583 2372
583 2457
583 2738
583 3180
583 3196
583 3260
583 3636
583 3698
583 4126
583 4755
583 5246
583 5660
584 34
584 544
584 636
584 890
584 1038
584 1161
584 1167
584 1233
584 1447
584 1587
584 2046
584 2053
584 2434
584 2731
584 4102
585 1134
585 3954
585 4174
585 4248
586 1800
586 1841
586 2799
586 3444
587 484
587 2941
587 4669
587 4727
588 115
588 1382
588 4250
588 4481
588 4519
588 4580
588 4581
588 4910
589 1112
589 3401
589 4766
589 5041
590 783
590 3693
590 4315
590 5662
591 148
591 950
591 2370
591 3593
591 4780
592 15
592 40
592 50
592 72
592 77
592 121
592 163
592 166
592 169
592 173
592 210
592 261
592 388
592 389
592 469
592 689
592 741
592 768
592 796
592 831
592 893
592 997
592 1202
592 1312
592 1410
592 1454
592 1485
592 1615
592 1647
592 1678
592 1717
592 1825
592 1827
592 2166
592 2255
592 2313
592 2432
592 2516
592 3201
592 3202
592 3238
592 3339
592 3341
592 3392
592 3434
592 3441
592 3730
592 3788
592 3789
592 3908
592 4760
592 4863
592 5247
593 921
593 1740
593 1753
593 2527
593 3749
593 4237
593 4471
594 268
594 298
594 562
594 2437
595 1356
595 2003
595 3457
595 4358
595 4733
596 613
596 2101
596 2909
596 4597
597 871
597 1587
597 1800
597 2874
598 1048
598 1134
598 2552
598 2923
598 3225
598 3326
598 3354
598 3760
598 3899
598 3913
598 4574
598 4823
599 306
599 471
599 644
599 1779
600 255
600 537
600 1246
600 2920
600 3543
600 3924
601 2249
601 2356
601 3156
601 5586
602 684
602 1019
602 1029
602 1749
602 2975
602 3740
602 3912
603 809
603 1196
603 1842
603 1891
603 2520
603 3352
603 3536
603 3585
603 4963
603 5211
604 397
604 850
604 1008
604 1064
604 1837
604 1893
604 2081
604 2834
604 4039
604 5128
604 5330
604 5466
604 5530
604 5575
604 5723
605 885
605 2170
605 2795
605 5546
606 2545
606 2798
606 3332
606 3402
606 3630
606 3882
606 4026
606 4137
606 4306
606 4716
606 5280
606 5300
606 5403
606 5526
606 5542
606 5609
607 259
607 546
607 1367
607 3797
608 117
608 178
608 301
608 390
608 709
608 936
608 982
608 1062
608 1115
608 1336
608 1747
608 1837
608 2331
608 2425
608 2427
608 3458
608 3465
608 3509
608 3643
608 3644
608 4035
608 4160
608 4278
608 4817
608 4821
608 4938
608 4980
608 5050
608 5060
608 5066
608 5106
608 5302
608 5303
608 5371
608 5382
608 5410
608 5431
608 5456
608 5480
608 5504
608 5533
608 5575
608 5741
609 265
609 268
609 364
609 409
609 462
609 538
609 691
609 736
609 820
609 1272
609 1337
609 1605
609 1964
609 2177
609 2353
609 2559
609 2940
609 3125
609 3263
609 3447
609 3578
609 3598
609 4550
609 4652
610 280
610 857
610 1075
610 1799
610 2210
610 2867
610 2919
610 2942
610 3004
610 3211
610 3258
610 3390
610 3398
610 3557
610 3698
610 3734
610 3842
610 3891
610 4108
610 4883
610 5260
610 5509
610 5610
610 5738
611 397
611 1083
611 1406
611 2267
611 3420
611 3627
611 3768
611 4831
611 5003
611 5187
611 5403
611 5476
611 5515
611 5661
611 5697
611 5710
612 3935
612 4053
612 4069
612 4953
612 5015
613 719
613 2444
613 2525
613 3637
613 4341
613 4578
613 4615
613 5641
614 454
614 753
614 777
614 2372
614 2627
614 2746
614 2896
614 3001
614 4282
615 170
615 316
615 1520
615 3141
616 935
616 971
616 1968
616 2265
616 3393
617 953
617 2916
617 3531
617 5057
618 707
618 833
618 2997
618 5275
619 1404
619 1464
619 1582
619 1611
620 1920
620 2030
620 2712
620 3172
620 3902
620 4551
620 4787
620 4927
621 853
621 1436
621 2580
621 4026
622 1120
622 1224
622 1679
622 1711
622 1728
622 1984
622 2922
622 3229
622 3877
622 4147
622 5330
623 97
623 651
623 849
623 1076
623 1119
623 1996
623 2089
623 2920
623 3276
623 3925
624 728
624 2173
624 3916
624 4502
624 4736
625 1810
625 3712
625 4754
625 5214
625 5314
625 5458
626 846
626 2093
626 2562
626 3693
626 4438
626 4687
627 1587
627 2412
627 2643
627 2797
627 2842
627 3217
627 3621
627 4168
627 4270
627 4566
627 4708
628 962
628 1119
628 1584
628 2029
628 2808
629 2541
629 3908
629 4275
629 4592
630 560
630 1079
630 1594
630 3481
631 1749
631 2883
631 4263
631 4636
632 199
632 560
632 799
632 840
632 1074
632 2566
632 3160
632 3334
632 3558
632 3698
632 3967
632 3975
632 5457
633 5439
633 5440
633 5619
633 5680
633 5686
633 5721
634 160
634 178
634 559
634 560
634 622
634 829
634 908
634 1039
634 1053
634 1279
634 1362
634 1411
634 1475
634 2226
634 2360
634 2479
634 2668
634 2707
634 2708
634 2710
634 3457
634 3870
634 3996
634 4075
634 4343
634 4417
634 4517
634 4962
634 5447
635 138
635 1304
635 1776
635 1943
635 5406
636 1794
636 2149
636 2677
636 3893
637 76
637 240
637 245
637 997
637 1066
637 1801
637 2066
637 2286
637 2780
637 4229
638 432
638 958
638 2303
638 3058
638 3463
638 3893
639 3014
639 3401
639 4795
639 4959
639 5401
640 4564
640 4565
640 5374
640 5531
641 56
641 1374
641 1467
641 1555
641 3599
641 3922
641 4895
641 4896
642 11
642 13
642 30
642 36
642 37
642 38
642 46
642 66
642 85
642 122
642 219
642 297
642 333
642 353
642 631
642 772
642 806
642 959
642 1041
642 2177
642 2275
642 2706
642 2709
642 2711
642 2976
642 2985
642 3262
642 3376
642 3489
642 3980
642 4384
642 5157
642 5636
643 1892
643 2029
643 2422
643 3300
643 3993
643 4057
644 770
644 2012
644 2283
644 2865
644 3926
644 4005
645 55
645 302
645 535
645 754
645 944
645 995
645 1044
645 1680
645 1681
645 2129
645 2556
645 2720
645 3065
645 3875
645 4277
645 4592
645 4884
645 5220
645 5282
645 5337
645 5380
645 5623
646 307
646 308
646 321
646 969
646 975
646 2912
646 4539
647 99
647 1685
647 3287
647 3657
647 5263
648 220
648 225
648 756
648 2127
648 2586
648 3379
648 3655
648 4162
648 4556
648 4668
648 5091
649 3594
649 4464
649 4640
649 5242
650 1135
650 2651
650 2782
650 3588
651 1107
651 2099
651 3587
651 4721
652 1643
652 2962
652 4934
652 5492
653 2537
653 3144
653 3668
653 4633
654 1516
654 2020
654 2447
654 3561
654 3653
654 4913
654 5083
655 324
655 461
655 4650
655 4740
656 3231
656 4853
656 5208
656 5361
657 2502
657 3592
657 4518
657 4866
658 311
658 1475
658 1797
658 1868
658 3466
658 4253
658 4297
658 4456
659 561
659 2840
659 3032
659 3033
660 90
660 178
660 272
660 538
660 1236
660 1841
660 1942
660 2633
660 2683
660 3021
660 4420
660 5078
661 491
661 1053
661 1938
661 3062
662 268
662 601
662 1444
662 2125
662 2596
663 847
663 1587
663 1920
663 4417
664 980
664 1344
664 1800
664 2145
664 2242
664 2915
664 3104
664 3105
664 3434
664 3489
664 4408
664 4801
664 4802
664 4852
665 1979
665 2402
665 2724
665 4434
666 580
666 1143
666 1764
666 1882
666 1892
666 3312
667 1452
667 4179
667 4851
667 5114
668 133
668 289
668 476
668 724
668 905
668 912
668 1274
668 1592
668 1595
668 1670
668 1829
668 1840
668 1975
668 2180
668 2417
668 2422
668 2452
668 2613
668 2883
668 3454
668 3646
668 3693
668 3741
668 3964
668 4144
668 4265
668 4642
668 4702
668 4746
668 4887
668 4939
668 5426
668 5465
668 5554
669 992
669 1652
669 2502
669 2621
669 2655
669 3139
669 4204
669 4353
669 4390
669 4617
669 4878
669 4982
669 5224
669 5265
669 5478
670 84
670 171
670 296
670 320
670 323
670 509
670 692
670 693
670 694
670 695
670 749
670 792
670 836
670 937
670 964
670 1068
670 1103
670 1152
670 1478
670 1611
670 1913
670 1929
670 1977
670 1985
670 2009
670 2106
670 2130
670 2407
670 2517
670 2617
670 2629
670 2677
670 2750
670 2885
670 3087
670 3111
670 3113
670 3368
670 3413
670 3601
670 3605
670 3904
670 3951
670 3952
670 4343
670 4520
670 4601
670 4961
670 4963
670 4990
670 5189
670 5257
671 2805
671 3221
671 3325
671 3696
672 318
672 1696
672 1984
672 2000
672 2904
672 2995
672 3877
672 5393
673 1213
673 1795
673 2817
673 4078
673 4129
673 4485
673 5013
673 5071
673 5273
673 5383
673 5479
673 5486
673 5673
674 4
674 372
674 400
674 1169
674 1285
674 1488
674 1747
674 1837
674 2139
674 3334
674 3731
674 3746
674 4260
674 4648
674 4943
674 5438
674 5544
674 5545
675 1241
675 1830
675 1920
675 2534
675 2769
675 3279
675 3738
675 4006
675 4197
675 5434
676 404
676 478
676 1854
676 3858
676 3961
677 481
677 2105
677 3317
677 3867
677 4047
677 4063
677 4064
677 4185
677 4356
677 4388
677 4898
677 4972
677 5128
677 5135
677 5292
677 5383
677 5413
677 5609
678 113
678 1486
678 1835
678 3287
678 4154
679 570
679 2067
679 3681
679 4520
679 5531
679 5555
680 3595
680 3912
680 4852
680 5668
680 5723
681 398
681 583
681 939
681 1439
681 1730
681 2883
681 3133
681 3384
681 3499
681 4507
681 5075
681 5094
681 5405
681 5580
682 1970
682 2305
682 2555
682 2787
682 3578
682 4549
682 4621
683 2831
683 3417
683 5377
683 5728
684 645
684 867
684 1221
684 1920
684 1942
684 2998
684 3334
685 1111
685 2188
685 3254
685 5648
685 5679
686 457
686 1630
686 1670
686 1725
686 2860
687 1021
687 2424
687 2824
687 3186
687 4192
687 4225
687 5374
688 576
688 947
688 972
688 1006
688 1015
688 1017
688 1018
688 1947
688 3311
688 4068
688 4437
688 4742
688 5104
688 5278
689 1216
689 3078
689 3117
689 5134
690 1227
690 1340
690 1741
690 1906
690 2175
690 2662
690 3156
690 3547
690 4690
691 334
691 617
691 956
691 1313
691 1393
691 1556
691 1936
691 2639
691 3016
691 3249
691 3482
691 3820
691 4118
691 4179
691 4284
691 5298
692 1068
692 3255
692 3998
692 5493
693 507
693 2812
693 3007
693 3287
693 3330
693 4037
693 5171
694 2529
694 3298
694 3741
694 4815
695 1418
695 1977
695 3390
695 3664
696 281
696 1459
696 3360
696 3494
697 1478
697 2507
697 2514
697 3645
697 3841
698 855
698 1384
698 1526
698 2598
698 3464
698 4512
699 600
699 1696
699 1749
699 3001
700 1920
700 1931
700 2915
700 3221
700 4334
700 4590
700 5229
701 2382
701 4467
701 4497
701 4498
702 1195
702 1983
702 2711
702 3903
702 4870
703 283
703 1030
703 1119
703 1149
703 1967
703 1980
703 3080
703 3187
703 3453
703 4151
703 4474
703 4835
703 5535
703 5571
704 189
704 398
704 447
704 1053
704 1061
704 1105
704 1333
704 1924
704 2534
704 2540
704 3505
704 3853
704 3891
704 4568
704 5352
705 564
705 1052
705 1331
705 1616
705 2138
705 2756
705 2925
705 3184
705 3270
705 3296
706 604
706 2584
706 2611
706 2982
706 3139
707 942
707 1307
707 4365
707 4688
707 4891
707 5530
707 5633
707 5638
707 5682
707 5685
707 5731
708 1078
708 2513
708 2854
708 3098
708 3276
708 4352
709 1445
709 3055
709 4279
709 4449
709 5092
709 5392
710 653
710 2664
710 3121
710 3988
711 917
711 1410
711 3441
711 3490
711 3586
711 3747
711 4174
711 4557
711 4770
712 798
712 941
712 1437
712 1635
712 1673
712 1719
712 2846
713 3245
713 3840
713 4688
713 5364
714 167
714 2941
714 3657
714 4146
714 4222
714 4383
715 1407
715 2405
715 2837
715 4985
716 1226
716 2549
716 4638
716 5254
716 5261
716 5369
716 5601
716 5665
717 59
717 4142
717 4800
717 4827
717 5096
717 5423
718 547
718 1086
718 1105
718 2347
718 2350
718 2695
718 3208
718 3225
718 3991
718 4670
718 5344
718 5364
718 5475
718 5550
718 5551
718 5552
718 5594
718 5705
719 387
719 1973
719 2053
719 3166
719 3354
719 4312
720 383
720 603
720 3054
720 4885
720 5279
720 5432
721 212
721 739
721 1281
721 1286
721 1369
721 2086
721 2177
721 2306
721 2349
721 2368
721 2369
721 2737
721 2782
721 2816
721 2871
721 3129
721 3210
721 3676
721 3716
721 3752
721 3928
721 3942
721 3991
721 4514
721 4688
721 5059
721 5207
721 5380
721 5400
721 5429
722 758
722 1557
722 1560
722 3636
722 4495
723 1592
723 3339
723 5014
723 5304
723 5310
724 1755
724 2057
724 2748
724 3146
724 3396
724 4931
724 5128
725 4587
725 5199
725 5466
725 5543
726 1076
726 3207
726 4937
726 5126
727 39
727 40
727 71
727 469
727 504
727 555
727 594
727 1119
727 1176
727 1389
727 1539
727 1957
727 2022
727 2067
727 2449
727 2915
727 3234
727 3289
727 3334
727 3394
727 3414
727 3515
727 3713
727 4093
727 4109
727 4170
727 4464
728 550
728 1449
728 3459
728 4216
728 5145
728 5336
728 5349
728 5414
728 5531
729 737
729 2042
729 2371
729 3767
730 5
730 2357
730 4024
730 4693
731 1940
731 2555
731 2872
731 5398
732 1083
732 1406
732 1931
732 2165
732 2441
732 3235
732 3237
732 3482
732 3991
732 4112
732 4421
732 4547
732 4684
732 5217
733 565
733 1875
733 2377
733 3394
733 3883
733 4181
733 5037
734 1297
734 2262
734 3251
734 3456
735 2957
735 3136
735 3617
735 5696
736 223
736 1259
736 1748
736 3127
737 946
737 1861
737 2535
737 3194
737 3538
737 4366
738 2982
738 3100
738 4403
738 5179
738 5422
739 196
739 1600
739 1766
739 4080
740 2329
740 4582
740 4802
740 5280
741 178
741 338
741 1145
741 1321
741 3319
741 3421
741 4260
741 5403
742 1639
742 4404
742 4508
742 5494
743 1726
743 3815
743 4207
743 4586
743 4752
743 5326
743 5466
743 5530
743 5575
744 531
744 1764
744 1946
744 4667
745 751
745 955
745 3957
745 4812
746 79
746 210
746 1735
746 3145
746 3191
746 3795
747 29
747 754
747 1796
747 1814
747 2196
747 3800
747 4764
747 4918
747 4924
747 5120
748 255
748 572
748 884
748 932
748 1716
748 1787
748 2090
748 2302
748 2380
748 2581
749 2213
749 2297
749 2565
749 3133
749 3205
749 3706
749 3770
749 4721
750 441
750 623
750 1931
750 3013
750 3418
750 3716
750 3839
750 3881
750 4333
750 4588
750 5131
750 5326
750 5633
750 5710
751 1326
751 1531
751 1711
751 2229
751 2692
751 3467
752 753
752 3484
752 3808
752 4306
753 117
753 459
753 626
753 1505
753 1802
753 3074
753 3075
753 3150
753 3320
753 3493
753 3807
753 3965
753 5484
754 1373
754 4714
754 4715
754 4942
755 2816
755 2819
755 2873
755 3422
756 35
756 399
756 888
756 1092
756 1253
756 1350
756 1408
756 2726
756 3212
757 2067
757 2512
757 3802
757 3936
757 4331
757 4833
757 4959
758 148
758 1744
758 2264
758 2304
758 2593
758 2799
758 2941
758 3169
758 3272
758 3276
758 3600
758 3893
758 4370
758 4492
759 1023
759 3716
759 4145
759 4357
759 5197
759 5280
759 5609
760 524
760 669
760 2039
760 2250
760 2575
760 2886
760 2941
760 3673
760 4030
760 4215
760 4577
760 4774
760 5011
761 142
761 258
761 558
761 641
761 735
761 754
761 856
761 2053
761 2481
761 2643
761 2700
761 2930
761 3162
761 3847
762 1086
762 1275
762 2278
762 2467
762 2534
762 2549
762 2603
762 2972
762 3276
762 3626
762 4343
762 5132
762 5561
762 5610
763 0
763 1013
763 1251
763 1647
763 3447
763 3787
763 5138
764 281
764 871
764 4013
764 4429
764 4623
765 604
765 780
765 826
765 1198
765 1878
765 2062
765 3539
765 4017
765 4117
766 2145
766 2800
766 3680
766 4203
766 4777
766 4784
766 4916
766 5097
767 430
767 1106
767 4172
767 5639
768 126
768 1587
768 2207
768 3893
768 4336
768 4638
768 5045
768 5333
769 159
769 434
769 492
769 640
769 1237
769 1302
769 1362
769 1414
769 1475
769 1773
769 1923
769 2103
769 2335
769 2423
769 2478
769 2558
769 2623
769 3068
769 3769
769 3915
769 4287
769 4620
769 4750
769 4838
769 4921
770 1543
770 1544
770 1776
770 1920
770 2036
770 2080
770 2409
770 2602
770 2839
770 2900
770 3072
770 3766
770 4131
770 4376
770 4649
770 4710
770 4986
770 5240
770 5629
771 963
771 1821
771 2009
771 3225
771 3356
771 3394
771 3698
771 3954
772 579
772 961
772 1185
772 2248
772 2576
772 3922
773 3859
773 5357
773 5384
773 5437
774 1837
774 3273
774 4306
774 4396
775 573
775 1743
775 2856
775 3373
776 641
776 764
776 947
776 1978
776 2241
776 4236
776 4486
776 4671
776 5370
776 5634
777 335
777 437
777 448
777 1028
777 1165
777 1623
777 1649
777 2009
777 2364
777 2933
777 3149
777 3316
777 3809
777 3891
777 4190
777 4568
777 4759
777 4813
778 403
778 437
778 726
778 1889
779 864
779 2682
779 2893
779 4457
780 255
780 1868
780 1899
780 2624
780 3075
780 3621
780 4004
780 4323
780 4431
781 1920
781 2088
781 2175
781 2993
781 3451
781 4134
781 4313
782 1853
782 2385
782 3039
782 3101
783 2498
783 3248
783 4018
783 5016
784 1499
784 3407
784 3408
784 4245
785 400
785 752
785 923
785 2029
785 4199
785 4743
786 2308
786 2941
786 2955
786 3517
786 5016
787 660
787 708
787 1428
787 2100
787 2882
788 1167
788 4294
788 4945
788 5278
789 1294
789 3176
789 3910
789 4459
