0 0
0 850
0 1812
0 2977
0 3306
0 3417
0 3773
0 5037
0 5905
1 1
1 18
1 32
1 442
1 671
1 1172
1 1448
1 1669
1 1859
1 2042
1 2169
1 2730
1 2731
1 3082
1 3108
1 3425
1 3786
1 3954
1 4021
1 4426
1 4867
1 4947
1 5115
2 2
2 679
2 5690
2 5704
3 2
3 1351
3 1883
3 3821
3 4404
3 4450
3 4550
3 4552
3 4557
3 4620
3 4914
3 4941
3 5303
3 5385
3 5438
4 2
4 332
4 1877
4 3669
5 3
5 7
5 496
5 621
5 1177
5 1577
5 3307
5 4302
5 5111
6 3
6 95
6 571
6 820
6 867
6 1196
6 1987
6 5649
7 3
7 127
7 227
7 323
7 419
7 420
7 436
7 598
7 840
7 1008
7 1436
7 1594
7 1614
7 1664
7 1884
7 2025
7 2041
7 2611
7 2624
7 2641
7 3367
7 3543
7 3644
7 3822
7 4236
7 4237
7 4615
7 4661
7 4892
7 5726
7 5766
7 5767
8 4
8 456
8 475
8 999
8 1077
8 1286
8 1415
8 1782
8 1834
8 2921
8 3012
8 3013
8 3103
8 3795
8 4313
8 4479
9 5
9 637
9 1207
9 1337
9 1666
9 4077
9 5039
9 5245
10 6
10 655
10 1007
10 1518
10 1536
10 1538
10 1702
10 1826
10 3374
10 5217
11 6
11 35
11 193
11 2570
11 3579
11 4115
11 4690
11 5953
12 7
12 225
12 659
12 780
12 1023
12 1027
12 2065
12 2318
12 2319
12 2528
12 2716
12 3434
13 8
13 1075
13 1539
13 1870
13 2908
13 3057
13 3064
14 8
14 365
14 531
14 1961
14 2663
14 2722
14 3607
14 5719
15 33
15 116
15 362
15 4754
15 5018
16 8
16 626
16 2409
16 3171
17 9
17 189
17 983
17 4520
18 27
18 437
18 649
18 673
18 739
18 862
18 2560
18 3920
18 3936
18 4256
18 4984
18 5373
18 5503
18 5647
18 5669
18 5686
18 5977
19 11
19 560
19 861
19 1605
19 4006
19 4282
19 4525
19 5031
19 5299
20 12
20 2917
20 3057
20 3541
20 4693
20 5277
21 13
21 857
21 921
21 1034
21 1323
21 1347
21 1664
21 2280
21 2611
21 3929
21 3942
21 3983
21 4984
22 14
22 95
22 884
22 1251
22 1990
22 2579
22 2840
22 2850
22 4212
22 4724
22 5541
22 5744
22 5745
22 5907
22 5969
23 14
23 45
23 73
23 189
23 195
23 571
23 2000
23 2204
23 3087
23 3833
23 4349
23 4954
23 5080
23 5689
24 15
24 640
24 789
24 1434
24 3066
24 3094
24 4052
24 4434
24 5949
24 5969
24 5982
25 1566
25 1658
25 2363
25 3727
26 17
26 2562
26 3289
26 4247
26 4501
27 19
27 38
27 57
27 59
27 69
27 163
27 242
27 2180
27 2324
27 2770
27 5444
28 20
28 338
28 488
28 701
28 909
28 1635
28 1990
28 2204
28 2515
28 2864
28 2970
28 2986
28 3906
28 3913
28 4034
28 4526
28 5276
28 5361
28 5727
29 21
29 189
29 249
29 387
29 1251
29 2264
29 3309
29 4732
29 5770
30 22
30 513
30 846
30 897
30 2001
30 3806
30 4702
30 5720
31 23
31 45
31 304
31 400
31 730
31 782
31 1294
31 1351
31 2006
31 2545
31 2579
31 3109
32 24
32 3252
32 5037
32 5545
32 5746
32 5969
33 24
33 444
33 2392
33 2701
33 5078
34 25
34 496
34 500
34 634
34 652
34 851
34 1230
34 1259
34 1533
34 1686
34 1824
34 1943
34 1990
34 2006
34 2096
34 2251
34 2268
34 2402
34 2804
34 2881
34 3224
34 3265
34 3364
34 3437
34 3471
34 3806
34 3842
34 5200
34 5457
34 5488
34 5579
34 5938
34 5976
35 26
35 175
35 212
35 413
35 489
35 974
35 1607
35 1649
35 1669
35 1945
35 2445
35 2501
35 2537
35 3212
35 3489
35 3557
35 3859
35 4490
35 4671
35 4801
35 4807
35 4904
35 5332
35 5365
35 5420
35 5488
35 5689
36 26
36 2195
36 2216
36 2402
36 3213
36 4102
36 5382
37 27
37 917
37 1138
37 2420
37 3026
37 3179
37 4054
37 4119
37 4808
37 5556
38 27
38 95
38 2204
38 4552
39 27
39 95
39 164
39 195
39 338
39 475
39 1605
39 1686
39 1753
39 1895
39 1954
39 2095
39 2404
39 2502
39 2580
39 2864
39 3225
39 3231
39 3242
39 3468
39 3471
39 3608
39 3737
39 3812
39 3834
39 3922
39 4137
39 4138
39 4139
39 4190
39 4209
39 4302
39 4884
39 4890
39 5171
39 5399
39 5408
39 5543
39 5647
39 5689
39 5745
39 5746
39 5770
39 5796
39 5940
39 5958
40 27
40 165
40 1719
40 1745
40 2316
40 3344
40 4407
40 5057
40 5556
40 5831
41 28
41 748
41 4983
41 5503
42 28
42 69
42 141
42 3209
42 3505
42 5100
43 28
43 522
43 2213
43 3833
43 5744
44 28
44 43
44 49
44 670
44 2679
44 3455
44 3461
44 3471
44 5170
44 5418
44 5502
44 5626
45 29
45 49
45 300
45 970
45 1413
46 29
46 1299
46 1666
46 2063
46 2171
46 3287
46 3626
47 29
47 97
47 259
47 622
47 983
47 1106
47 1207
47 1685
47 1756
47 1805
47 1813
47 3159
47 3309
47 4213
47 5626
48 29
48 460
48 1144
48 1260
48 1859
48 2581
48 3938
48 4212
48 5546
48 5844
48 5969
49 29
49 711
49 1859
49 1860
49 1881
49 4826
50 29
50 749
50 1045
50 1272
50 1617
50 1713
50 2560
50 3468
50 3938
50 5583
50 5669
50 5969
51 29
51 822
51 1647
51 2351
52 30
52 543
52 3589
52 4100
53 30
53 86
53 3937
53 5669
53 5735
53 5736
54 31
54 678
54 3012
54 3433
55 32
55 130
55 167
55 241
55 359
55 386
55 408
55 534
55 548
55 555
55 768
55 772
55 820
55 855
55 870
55 883
55 891
55 1007
55 1013
55 1016
55 1110
55 1149
55 1251
55 1396
55 1401
55 1408
55 1431
55 1436
55 1517
55 1519
55 1520
55 1527
55 1537
55 1669
55 1812
55 1826
55 1886
55 1995
55 2024
55 2036
55 2048
55 2057
55 2086
55 2316
55 2338
55 2384
55 2438
55 2589
55 2590
55 2598
55 2659
55 2660
55 2669
55 2871
55 2957
55 2984
55 3039
55 3296
55 3320
55 3349
55 3367
55 3370
55 3422
55 3430
55 3580
55 3807
55 3996
55 4267
55 4416
55 4458
55 4608
55 4789
55 4840
55 4863
55 4957
55 4970
55 5362
55 5593
55 5842
55 5886
55 5973
56 33
56 209
56 706
56 2415
56 3035
56 3492
56 3567
57 33
57 163
57 465
57 2246
57 2560
57 4680
57 5373
57 5669
57 5686
57 5844
57 5860
57 5878
57 5975
57 5977
58 100
58 199
58 404
58 814
58 1237
59 33
59 1335
59 1448
59 2195
59 2373
59 4219
59 4813
59 4838
59 5476
59 5985
60 33
60 475
60 1041
60 1055
60 1207
60 4885
61 33
61 85
61 574
61 670
61 727
61 780
61 823
61 952
61 983
61 1248
61 2333
61 2422
61 2458
61 2917
61 2944
61 2948
61 2968
61 2973
61 3435
61 3731
61 4817
61 5025
61 5478
61 5522
61 5755
62 34
62 404
62 1015
62 2274
62 2540
62 3233
62 3477
62 4049
62 4050
62 4854
63 36
63 740
63 786
63 5880
64 141
64 2581
64 4676
64 5074
65 38
65 78
65 114
65 195
65 517
65 621
65 1251
65 1380
65 1482
65 1501
65 1533
65 1932
65 2313
65 2590
65 3663
66 45
66 798
66 1337
66 1414
66 1607
66 1614
66 2787
66 3396
66 3453
67 3913
67 5190
67 5410
67 5481
67 5826
68 39
68 62
68 163
68 312
68 513
68 650
68 692
68 826
68 1050
68 1352
68 1390
68 1673
68 1979
68 2191
68 2261
68 2565
68 3142
68 3663
68 3807
68 4007
68 4265
68 4413
68 4626
68 4732
68 4823
68 4824
68 4879
68 4942
68 5543
68 5634
69 40
69 139
69 272
69 332
69 386
69 426
69 780
69 1035
69 1088
69 1218
69 1319
69 1441
69 1449
69 1579
69 1750
69 1763
69 1835
69 2047
69 2075
69 2298
69 2310
69 2418
69 2423
69 2431
69 2447
69 2480
69 2515
69 2532
69 2548
69 2604
69 2651
69 2798
69 3006
69 3067
69 3073
69 3460
69 3626
69 3780
69 3812
69 3844
69 4459
69 4569
69 4665
69 4698
69 4729
69 4810
69 5033
69 5122
69 5124
69 5125
69 5126
69 5475
70 40
70 1528
70 2537
70 2657
70 2661
70 3364
70 3729
70 5449
70 5918
71 40
71 328
71 352
71 1239
71 1892
71 2381
71 3344
71 3579
71 5969
72 41
72 1449
72 2164
72 2578
72 3271
72 3626
72 3948
72 4379
73 42
73 282
73 1251
73 3896
73 4115
73 4558
74 42
74 653
74 2014
74 2922
74 3285
74 3678
74 4257
74 5770
75 43
75 2195
75 2439
75 3354
75 3537
75 4321
75 4779
75 4947
75 5123
75 5300
76 43
76 1549
76 3125
76 3511
76 5297
76 5746
77 43
77 670
77 675
77 678
77 2204
77 3125
78 469
78 563
78 683
78 1488
78 2226
78 2784
78 3424
78 3695
78 4543
78 5593
79 43
79 444
79 631
79 677
79 1249
79 1499
79 2702
79 2826
79 3031
79 3279
79 3823
79 4007
79 4085
79 4683
79 4895
80 43
80 2972
80 2974
80 3116
80 3117
80 3660
80 5626
80 5657
81 44
81 297
81 311
81 2512
81 2529
81 3609
81 4598
81 4738
81 5152
82 45
82 164
82 645
82 1058
82 1095
82 1250
82 1489
82 1555
82 1592
82 1990
82 2109
82 2279
82 2600
82 2908
82 3468
82 3526
82 3600
82 3648
82 3770
82 3859
82 4216
82 4354
82 4393
82 4415
82 4416
82 4505
82 5978
83 45
83 952
83 1335
83 4894
83 5926
84 45
84 270
84 922
84 983
84 1539
84 1564
84 2109
84 3093
84 3459
84 3853
84 3988
84 4710
84 5503
84 5940
85 45
85 189
85 781
85 924
85 1048
85 1237
85 1718
85 1721
85 1730
85 1791
85 2332
85 2336
85 2710
85 3741
85 3826
85 4054
85 4563
85 4736
85 4908
85 5298
85 5367
85 5532
85 5533
85 5540
86 45
86 673
86 693
86 819
87 45
87 271
87 1961
87 3057
87 3134
87 3736
87 3836
87 4626
88 45
88 121
88 244
88 693
88 1186
88 1284
88 1289
88 1511
88 1640
88 1950
88 2073
88 3580
88 3934
88 3989
88 4039
88 4302
88 4724
88 5431
88 5432
88 5642
88 5746
89 45
89 381
89 1171
89 1234
89 1600
89 1734
89 1933
89 2074
89 2428
89 3448
89 3479
90 46
90 141
90 462
90 475
90 1605
90 2246
90 3233
90 4996
90 5550
90 5672
91 46
91 1514
91 1605
91 2619
91 3437
91 4033
92 46
92 898
92 3325
92 3416
92 3617
92 4012
93 655
93 934
93 983
93 1557
93 1659
93 2023
93 4266
94 47
94 493
94 3791
94 5632
95 48
95 1488
95 2017
95 2371
95 3152
95 3496
95 4460
96 48
96 58
96 73
96 710
96 737
96 775
96 855
96 1251
96 1418
96 1438
96 1447
96 1882
96 2435
96 2529
96 2820
96 3199
96 3414
96 3451
96 4861
96 4930
96 5005
96 5735
97 48
97 677
97 894
97 1816
97 2034
97 2481
97 2932
97 3674
97 5796
97 5820
98 49
98 1022
98 2230
98 2408
98 3451
98 3456
98 3966
98 4263
98 5464
98 5620
98 5845
99 49
99 938
99 3567
99 4217
99 5896
100 49
100 607
100 3418
100 4063
101 49
101 361
101 364
101 464
101 467
101 657
101 2824
101 3522
101 3834
101 4213
101 4217
101 4834
101 5646
101 5648
102 49
102 215
102 349
102 862
102 941
102 1498
102 2079
102 2195
102 2391
102 3338
102 4999
102 5373
102 5770
102 5844
102 5940
103 49
103 355
103 383
103 384
103 559
103 1223
103 2070
103 3310
103 4357
103 4415
103 5050
104 49
104 677
104 732
104 738
104 825
104 2408
104 2728
104 4453
104 4501
104 4899
104 5100
105 49
105 703
105 704
105 975
105 1508
105 1683
105 1686
105 1704
105 2092
105 2128
105 2245
105 2296
105 2560
105 2656
105 3122
105 3275
105 3451
105 3458
105 3837
105 4240
105 4986
105 4990
105 5860
105 5950
105 5969
105 5975
105 5984
106 181
106 693
106 1034
106 1464
106 2402
106 4414
106 4985
106 5109
106 5187
106 5373
106 5503
106 5860
106 5982
107 49
107 809
107 3801
107 5545
108 49
108 216
108 545
108 2021
108 2590
108 2944
108 3290
108 3762
108 5004
108 5029
109 50
109 693
109 906
109 1063
109 1197
109 1365
109 2645
109 3589
110 51
110 435
110 773
110 833
110 2395
110 2724
110 3468
110 5155
110 5718
111 69
111 139
111 140
111 657
111 1038
111 1581
111 1584
111 1621
111 1784
111 1810
111 1841
111 1917
111 2009
111 2035
111 2097
111 2707
111 3488
111 3563
111 3725
111 4385
111 4802
111 5463
111 5564
112 53
112 74
112 78
112 213
112 379
112 478
112 516
112 742
112 745
112 772
112 908
112 909
112 956
112 1560
112 1607
112 1888
112 2180
112 2246
112 2316
112 2393
112 2718
112 2797
112 2978
112 3005
112 3170
112 3437
112 3446
112 3451
112 3567
112 3587
112 4080
112 4469
112 4982
112 4986
112 5032
112 5146
112 5373
112 5410
112 5669
112 5736
113 53
113 475
113 507
113 526
113 1345
113 2051
113 2703
113 3294
114 53
114 307
114 353
114 364
114 917
114 1468
114 1557
114 4234
114 4337
114 5155
115 521
115 1960
115 2086
115 5157
116 53
116 132
116 1496
116 2487
116 2874
116 3260
116 4127
117 53
117 169
117 571
117 767
117 915
117 971
117 1018
117 1231
117 1251
117 1530
117 1537
117 1605
117 1669
117 2042
117 2116
117 2145
117 2263
117 2267
117 2273
117 2589
117 2615
117 2629
117 3295
117 3297
117 3692
117 3757
117 4002
117 4007
117 4021
117 4337
117 5162
117 5200
117 5216
117 5399
117 5835
117 5920
118 54
118 503
118 1251
118 1324
118 1748
118 1819
118 1869
118 2496
118 2575
118 2599
118 2818
118 2939
118 2943
118 3630
118 3820
118 4395
118 5616
119 54
119 862
119 913
119 1375
119 2981
119 4919
119 4920
119 4976
120 55
120 574
120 577
120 627
120 1042
120 1605
120 1676
120 2410
120 3044
120 3156
120 3434
120 4482
121 56
121 2390
121 4389
121 4669
122 56
122 252
122 4115
122 4888
123 59
123 3060
123 4305
123 4603
123 4622
124 60
124 953
124 1141
124 2274
124 2370
124 3697
124 5257
125 61
125 496
125 1034
125 1942
125 1990
125 2234
125 2483
125 2847
125 3386
126 62
126 2908
126 3010
126 4421
127 63
127 881
127 1389
127 1507
127 1851
128 64
128 306
128 2028
128 3803
128 5277
129 64
129 3539
129 3974
129 4228
129 4631
129 5201
130 65
130 2860
130 4984
130 4990
130 5373
131 65
131 621
131 656
131 1251
132 68
132 170
132 238
132 322
132 618
132 934
132 939
132 1659
132 1877
132 2149
132 2217
132 3358
132 3652
132 4130
132 4230
132 4307
132 4923
132 5206
132 5565
133 67
133 352
133 3542
133 4696
133 4972
134 919
134 2116
134 2296
134 4110
134 5060
135 69
135 111
135 124
135 125
135 141
135 163
135 304
135 313
135 343
135 345
135 355
135 421
135 476
135 498
135 530
135 654
135 655
135 658
135 674
135 697
135 711
135 776
135 883
135 969
135 1073
135 1159
135 1167
135 1171
135 1201
135 1211
135 1225
135 1310
135 1339
135 1340
135 1606
135 1676
135 1691
135 1763
135 1777
135 1781
135 1803
135 1858
135 1859
135 1862
135 1908
135 1911
135 1939
135 1991
135 2154
135 2209
135 2405
135 2469
135 2524
135 2602
135 2671
135 2691
135 2863
135 3071
135 3092
135 3214
135 3312
135 3401
135 3450
135 3503
135 3508
135 3529
135 3563
135 3586
135 3634
135 3704
135 3742
135 3752
135 3753
135 3767
135 3778
135 3786
135 3898
135 3960
135 4311
135 4380
135 4414
135 4433
135 4445
135 4462
135 4513
135 4569
135 4649
135 4802
135 4806
135 4862
135 4863
135 4926
135 5094
135 5136
135 5167
135 5214
135 5459
135 5483
135 5502
135 5774
135 5885
136 1775
136 1987
136 4947
136 5913
136 5949
137 71
137 795
137 896
137 937
137 1004
137 1013
137 1151
137 1251
137 1526
137 4227
138 72
138 434
138 724
138 870
138 1071
138 2353
138 3257
138 3626
138 4430
138 4649
138 4924
138 5212
139 75
139 995
139 4566
139 4626
140 76
140 5008
140 5013
140 5295
140 5735
140 5963
141 76
141 141
141 1627
141 2075
141 2771
141 3047
141 3174
141 3287
141 3333
141 3344
141 3355
141 3377
141 3532
141 3626
141 4054
141 4373
141 4498
142 77
142 496
142 1482
142 1990
142 2016
142 2255
142 3528
142 3548
142 4375
143 78
143 1605
143 1761
143 2223
144 79
144 141
144 231
144 626
144 1129
144 1165
144 1188
144 1327
144 1496
144 1530
144 2297
144 2673
144 3272
144 3297
144 3711
144 3757
144 3807
144 4800
144 5160
144 5651
145 80
145 81
145 159
145 189
145 429
145 689
145 711
145 870
145 997
145 1378
145 1772
145 1940
145 2025
145 2136
145 2330
145 2558
145 2758
145 2850
145 3042
145 3054
145 3164
145 3196
145 3213
145 3386
145 3388
145 4016
145 4280
145 4556
145 4651
145 4777
145 4991
145 5141
145 5326
145 5759
146 82
146 1752
146 2274
146 3173
146 5409
147 83
147 129
147 142
147 186
147 837
147 1034
147 1106
147 1230
147 1308
147 1371
147 2143
147 2642
147 2646
147 2749
147 3770
147 4264
147 5525
148 84
148 171
148 1686
148 1722
148 3404
148 5155
149 84
149 128
149 3185
149 4440
150 85
150 362
150 736
150 2609
150 2872
150 2959
150 3439
150 4141
151 87
151 214
151 793
151 1305
151 1940
151 2432
151 2780
151 4380
151 4596
151 5680
151 5710
152 88
152 172
152 1674
152 2301
152 2625
152 3135
152 3514
152 5097
152 5121
153 89
153 2186
153 3421
153 4294
153 4363
153 4759
153 5768
154 90
154 185
154 1427
154 1607
154 1933
154 1961
154 2175
154 3196
154 3965
154 4201
154 4802
154 5037
154 5261
154 5921
155 91
155 282
155 647
155 1135
155 1220
155 1238
155 1251
155 1677
155 2067
155 2257
155 3077
155 3097
155 3339
155 3895
155 4147
155 4814
155 4918
155 5189
155 5525
155 5769
156 92
156 454
156 822
156 924
156 1642
156 2345
156 2854
156 3957
156 4688
156 5070
156 5255
156 5455
157 92
157 2448
157 4071
157 5164
157 5721
158 93
158 291
158 2198
158 3801
159 94
159 2129
159 2704
159 4455
159 4521
160 95
160 410
160 2195
160 3591
160 3883
160 4254
160 5511
160 5827
160 5982
161 95
161 323
161 570
161 630
161 645
161 769
161 1028
161 1048
161 1069
161 1207
161 1251
161 1568
161 1783
161 2067
161 2714
161 2915
161 3110
161 3871
161 3964
161 4037
161 4116
161 4414
161 5597
161 5694
162 95
162 141
162 832
162 1251
162 1380
162 1460
163 95
163 403
163 404
163 413
163 1675
164 2213
164 2266
164 3552
164 3938
164 5541
165 95
165 388
165 655
165 1206
165 2201
165 3093
165 3343
165 3832
165 4256
165 4690
165 5115
165 5503
165 5746
165 5913
165 5929
165 5968
165 5977
166 95
166 2431
166 3265
166 3849
166 4967
166 5498
166 5912
167 95
167 1207
167 1850
167 2055
167 3923
167 4138
167 4140
167 4214
167 4376
167 4390
167 4391
167 4713
167 5746
167 5932
167 5969
168 95
168 1823
168 2528
168 3966
168 4604
169 95
169 1277
169 1837
169 2010
169 3812
169 4010
170 95
170 340
170 349
170 442
170 1029
170 1994
170 2949
170 3314
170 4184
171 95
171 652
171 1572
171 2106
171 2414
171 3351
171 3388
171 4414
172 95
172 692
172 2474
172 4166
172 4763
173 96
173 141
173 862
173 1060
173 1067
173 1207
173 1700
173 2452
173 2999
173 3638
173 3819
173 4932
173 4985
174 98
174 497
174 530
174 3761
174 4414
174 4415
174 5686
175 98
175 513
175 3364
175 4413
175 5823
176 98
176 670
176 819
176 1454
176 1635
176 2415
176 2950
176 3049
176 3411
176 3547
176 3789
176 3966
176 3996
176 4932
176 5328
176 5476
176 5815
177 99
177 129
177 1333
177 2250
177 2573
177 2781
177 4769
177 4936
178 100
178 412
178 693
178 957
178 2218
178 2927
178 3842
179 101
179 360
179 925
179 1430
179 2195
179 2577
179 2954
179 3124
179 3252
179 3451
179 4038
180 102
180 281
180 417
180 496
180 909
180 1598
180 1706
180 1844
180 2017
180 2042
180 2116
180 2220
180 2259
180 2284
180 2400
180 2533
180 3085
180 3147
180 3953
180 3954
180 4004
180 4014
180 4015
180 4275
180 5054
180 5865
180 5894
181 102
181 587
181 621
181 909
181 2228
181 2668
182 103
182 539
182 744
182 1003
183 104
183 106
183 107
183 108
183 387
183 607
183 983
183 4212
183 4214
183 5646
184 105
184 208
184 248
184 490
184 496
184 591
184 688
184 798
184 879
184 950
184 1310
184 1593
184 2402
184 2574
184 2632
184 2638
184 2645
184 3124
184 3528
185 2628
185 5566
185 5804
185 5864
186 107
186 607
186 3900
186 5860
187 107
187 196
187 607
187 1335
187 1974
187 2596
187 3036
187 3188
187 3863
187 3879
187 5105
188 107
188 3200
188 4120
188 4642
188 5355
189 108
189 496
189 771
189 3493
189 3567
189 4139
190 109
190 229
190 301
190 332
190 364
190 862
190 885
190 1041
190 1055
190 1081
190 1187
190 1207
190 1490
190 2218
190 2852
190 3236
190 3814
190 3879
190 5619
191 109
191 3141
191 3283
191 5716
192 109
192 607
192 1974
192 2146
192 2488
192 4118
192 4741
193 293
193 607
193 3980
193 5441
194 671
194 3009
194 4554
194 5643
195 112
195 211
195 4132
195 4185
195 4514
195 4924
196 2111
196 2265
196 4523
196 4975
196 5482
196 5551
197 561
197 564
197 633
197 701
197 1488
197 1603
197 1818
197 2419
197 4174
197 4221
197 4503
197 4565
197 5453
197 5922
198 112
198 1225
198 2004
198 2846
198 3434
198 3435
198 5545
199 113
199 163
199 367
199 435
199 1129
199 2013
199 2503
199 3079
199 3118
199 3415
199 3574
199 3594
199 3926
199 4234
199 4808
199 4918
199 5458
200 115
200 251
200 1394
200 1405
200 1512
200 2365
200 2810
200 2962
200 4449
201 115
201 2897
201 4115
201 4918
202 117
202 298
202 1244
202 1440
202 2114
202 2684
202 4802
203 118
203 1138
203 2605
203 5328
204 119
204 1249
204 1410
204 1426
204 1430
204 2124
204 3329
204 5908
205 122
205 3175
205 3845
205 4539
205 5543
206 123
206 695
206 728
206 925
206 2826
207 125
207 2351
207 3934
207 5838
207 5890
208 125
208 1974
208 2456
208 4480
208 4540
208 5520
209 125
209 2431
209 2546
209 3013
209 3286
209 3537
209 4243
209 4372
209 5104
209 5135
209 5251
210 126
210 711
210 771
210 1097
210 1228
210 1240
210 1247
210 1506
210 1708
210 1786
210 2167
210 2194
210 2547
210 2760
210 3683
210 4272
210 4381
210 4528
210 4961
210 5612
211 127
211 184
211 588
211 689
211 811
211 994
211 1011
211 1112
211 1255
211 1422
211 1569
211 3134
211 4536
212 128
212 135
212 1430
212 2125
212 3620
212 3901
212 4417
212 4700
212 5330
212 5572
212 5814
213 128
213 301
213 366
213 453
213 827
213 1485
213 1856
213 1982
213 2489
213 2836
213 2921
213 3976
213 4617
213 5369
213 5723
214 129
214 313
214 959
214 1966
214 1985
214 4223
215 131
215 496
215 983
215 1013
216 133
216 157
216 233
216 657
216 1424
216 1465
216 1706
216 2320
216 2429
216 2475
216 2477
216 2553
216 3686
216 4855
216 5437
217 133
217 3440
217 4443
217 5049
217 5362
217 5839
218 134
218 469
218 1501
218 1680
218 2059
218 2182
218 2456
218 2613
218 3832
218 3938
218 3988
218 4680
218 5844
218 5977
219 135
219 655
219 1462
219 3643
219 4633
219 4756
219 5138
220 136
220 1430
220 1664
220 2612
220 5766
220 5767
221 136
221 332
221 2337
221 2431
221 2465
221 3794
221 3933
221 3955
221 5077
221 5357
222 136
222 3459
222 4680
222 5001
222 5669
222 5727
222 5944
223 137
223 955
223 2449
223 2654
224 138
224 139
224 140
224 260
224 391
224 394
224 396
224 448
224 484
224 1351
224 2179
224 2455
224 2456
224 2893
224 3306
224 3423
224 3968
224 4583
225 2130
225 2156
225 3195
225 3782
225 5602
225 5703
226 140
226 1423
226 2183
226 2831
226 4298
226 4809
226 5589
227 140
227 2282
227 2447
227 2456
227 2458
227 2752
227 2835
227 2862
227 4663
227 5130
228 440
228 441
228 2236
228 2431
228 2459
228 2748
228 3078
228 3547
228 3869
228 4337
228 4883
228 4959
228 5862
229 693
229 2308
229 3912
229 5072
230 141
230 1056
230 1061
230 1156
230 1221
230 2676
230 2702
230 2825
231 141
231 1314
231 3744
231 5818
232 141
232 2322
232 3124
232 4020
232 5006
233 707
233 1636
233 3862
233 4300
233 5916
234 141
234 618
234 1092
234 1115
234 2037
234 2192
234 3684
234 4802
235 1134
235 2692
235 4169
235 5071
236 141
236 624
236 769
236 828
236 1267
236 1444
236 1990
236 2006
236 2125
236 2142
236 2638
236 3680
236 3681
236 3954
236 3969
236 5324
236 5922
237 141
237 144
237 285
237 370
237 670
237 1397
237 1462
237 1650
237 2151
237 2204
237 2220
237 2335
237 2513
237 2723
237 3124
237 3308
237 3650
237 3664
237 3951
237 4124
237 4248
237 4308
237 4364
237 4549
237 4550
237 4551
237 4567
237 4685
237 4700
237 4853
237 4993
237 5023
237 5190
237 5366
237 5501
237 5796
238 141
238 2454
238 4350
238 5229
239 141
239 142
239 831
239 1105
239 3063
239 3287
239 4545
239 4562
239 5125
239 5131
240 142
240 163
240 465
240 523
240 782
240 832
240 1828
240 1992
240 2076
240 2120
240 3101
240 4219
240 4509
240 4594
240 4756
240 4847
240 5072
240 5154
240 5880
240 5955
241 142
241 189
241 296
241 773
241 1236
241 2132
241 2627
241 2872
242 142
242 163
242 164
242 195
242 383
242 435
242 450
242 546
242 686
242 775
242 933
242 956
242 1101
242 1252
242 1269
242 1338
242 1378
242 1446
242 1565
242 1771
242 2087
242 2498
242 2560
242 3319
242 3384
242 3627
242 3832
242 3938
242 4051
242 4213
242 4222
242 4924
242 5021
242 5037
242 5135
242 5373
242 5440
242 5500
242 5503
242 5528
242 5655
242 5727
242 5770
242 5838
242 5844
243 142
243 1251
243 1642
243 2160
243 2406
243 3286
243 3629
243 4245
243 4396
243 4621
243 5052
243 5684
244 142
244 1105
244 2235
244 3463
244 3866
244 5449
245 142
245 1484
245 2281
245 3953
245 5935
246 145
246 2732
246 4157
246 5042
247 146
247 2165
247 3873
247 4427
248 147
248 164
248 292
248 1635
248 2502
248 3641
249 1673
249 2376
249 3319
249 3491
249 4386
250 147
250 1105
250 1996
250 2471
250 3795
251 148
251 176
251 177
251 213
251 631
251 652
251 655
251 788
251 903
251 1767
251 1878
251 2042
251 2393
251 2411
251 2483
251 3145
251 3595
251 4082
251 4195
251 4380
251 4655
251 4873
251 4919
251 4951
252 149
252 1172
252 2504
252 2653
253 150
253 1961
253 3405
253 5612
254 152
254 537
254 802
254 953
254 1464
254 2352
254 3725
254 4774
254 5577
254 5652
255 153
255 254
255 2493
255 3180
256 154
256 268
256 276
256 362
256 711
256 741
256 904
256 1059
256 1066
256 1172
256 1662
256 2027
256 2106
256 2382
256 2421
256 2669
256 3703
256 3985
256 4172
257 155
257 572
257 578
257 1103
257 2587
258 156
258 854
258 1116
258 1134
258 1158
258 1607
258 2549
258 3262
258 4271
258 4340
259 157
259 232
259 335
259 2188
260 158
260 238
260 812
260 1563
260 2362
260 2383
260 2590
260 2629
260 4380
260 4653
261 586
261 2557
261 2585
261 2939
261 2940
261 2942
261 2990
261 3731
261 4527
261 4648
261 5350
262 160
262 500
262 772
262 2051
262 2269
262 3364
262 3375
262 3437
262 4005
262 4265
263 161
263 387
263 565
263 672
263 1022
263 2046
263 4611
263 4836
263 5686
263 5975
264 162
264 245
264 772
264 2355
264 2832
264 3899
264 4399
264 4564
265 163
265 465
265 467
265 664
265 670
265 679
265 2643
265 3124
265 3176
265 3746
265 3747
265 3931
265 4829
265 5043
266 163
266 164
266 488
266 678
266 819
266 1498
266 2204
266 2944
266 3231
266 4078
266 4203
266 5207
267 163
267 164
267 927
267 3970
267 4072
268 163
268 343
268 492
268 979
269 163
269 432
269 515
269 529
269 556
269 855
269 1136
269 1164
269 1166
269 1168
269 2036
269 2590
269 3025
269 3029
269 3646
269 3752
269 4227
269 4572
269 5230
269 5596
269 5763
269 5765
270 164
270 383
270 419
270 1251
270 1437
270 1597
270 1667
270 1870
270 2295
270 2899
270 3541
271 163
271 1034
271 1148
271 1975
271 3891
271 5309
272 2402
272 3852
272 4110
272 4184
273 166
273 1329
273 1838
273 2473
273 3792
273 3886
273 5720
274 168
274 918
274 2636
274 2983
275 169
275 789
275 4888
275 5106
275 5172
276 171
276 1492
276 2238
276 2751
276 2923
276 3626
276 3861
276 4322
276 5442
277 171
277 177
277 983
277 1671
277 4198
277 5844
278 171
278 308
278 2227
278 3766
278 3833
279 173
279 509
279 1012
279 1523
279 1528
279 1529
279 1530
279 3297
279 3321
279 3367
279 3370
279 3437
279 3632
279 3809
279 4270
279 4683
279 5212
279 5509
279 5534
279 5785
279 5834
280 174
280 1951
280 1989
280 1990
280 2534
280 2696
280 2890
280 3120
280 3133
280 4036
280 4260
280 4308
280 4484
280 5855
280 5879
281 175
281 528
281 864
281 1532
281 1928
281 2093
281 2376
281 3297
281 3322
281 3372
281 3437
281 3807
282 175
282 2075
282 3305
282 4277
282 4863
282 5550
283 178
283 248
283 274
283 1243
283 5368
284 178
284 181
284 201
284 264
284 490
284 496
284 520
284 782
284 791
284 890
284 926
284 943
284 1038
284 1108
284 1357
284 1363
284 1400
284 1558
284 1782
284 2196
284 2253
284 2860
284 3043
284 3444
284 3665
284 3719
284 3832
284 4071
284 4178
284 4468
284 4487
284 4537
284 4727
284 4842
284 4853
284 4915
284 4929
284 5021
284 5115
284 5165
284 5333
284 5594
284 5644
284 5753
284 5759
284 5770
284 5934
285 178
285 641
285 657
285 1210
285 1619
285 2499
285 2502
285 2516
285 2702
285 3036
285 4194
285 4666
285 4735
285 4940
285 5942
286 179
286 180
286 815
286 960
286 1002
286 1651
286 1883
286 2026
286 2137
286 2162
286 3075
286 3181
286 3280
286 4099
286 4504
286 4853
287 181
287 631
287 1963
287 4377
287 4448
287 5502
288 182
288 490
288 974
288 3584
288 4000
288 5328
288 5373
289 182
289 309
289 310
289 371
289 3016
289 3523
289 4070
289 5570
289 5901
290 182
290 888
290 1681
290 2205
290 2616
290 4213
290 5648
290 5746
290 5952
291 182
291 782
291 2680
291 3902
291 4695
292 182
292 1382
292 2868
292 2884
292 3100
292 5979
293 182
293 2067
293 2895
293 2954
293 3012
293 3266
294 183
294 615
294 629
294 1168
294 1278
294 1500
294 1615
294 1669
294 1883
294 1998
294 2601
294 2819
294 3105
294 3395
294 4218
294 4720
294 4777
294 4974
294 5196
294 5428
294 5449
294 5889
294 5934
295 187
295 642
295 646
295 1063
295 2303
296 188
296 280
296 315
296 332
296 646
296 709
296 810
296 813
296 1062
296 1073
296 1091
296 1121
296 1174
296 1201
296 1262
296 1312
296 1337
296 1416
296 1447
296 1720
296 1766
296 1866
296 1935
296 2405
296 2870
296 2877
296 3109
296 3178
296 3342
296 3403
296 3582
296 3599
296 3813
296 3944
296 3959
296 4224
296 4302
296 4435
296 4437
296 4716
296 4721
296 4963
296 5068
296 5716
296 5762
296 5825
297 188
297 316
297 493
297 496
297 910
297 945
297 985
297 1066
297 1124
297 1130
297 1182
297 1307
297 1575
297 1601
297 1763
297 1997
297 2039
297 2167
297 3037
297 3105
297 3395
297 3687
297 3897
297 4168
297 4389
297 4417
297 4935
298 189
298 1983
298 3233
298 5234
299 189
299 204
299 917
299 1038
299 1142
299 1222
299 1301
299 1463
299 2007
299 2090
299 3068
299 3571
299 3844
299 3916
299 3919
299 4094
299 4625
299 4783
299 4786
299 4994
299 5254
299 5346
299 5611
299 5952
300 189
300 494
300 746
300 889
300 935
300 1056
300 1061
300 1591
300 1790
300 3377
300 4199
300 4551
300 5495
300 5872
301 1251
301 4318
301 4980
301 5373
302 189
302 490
302 1378
302 1877
302 3567
302 4777
302 5307
302 5346
302 5477
302 5518
302 5726
302 5970
302 5974
303 189
303 511
303 980
303 1532
303 1697
303 2659
303 3278
303 3374
303 3497
303 3602
303 3603
303 3645
303 4412
303 5455
303 5945
304 189
304 340
304 543
304 544
304 635
304 666
304 667
304 717
304 855
304 982
304 1031
304 1297
304 1303
304 1502
304 1907
304 2196
304 2263
304 2535
304 3383
304 4028
304 4303
304 4304
304 4776
304 5073
304 5198
304 5686
304 5860
304 5882
304 5891
304 5927
305 189
305 1110
305 4913
305 5211
305 5264
306 530
306 783
306 1274
306 3468
306 3877
306 4547
306 5784
307 191
307 951
307 1543
307 2480
307 4219
308 192
308 2770
308 4584
308 4872
308 5429
308 5850
309 192
309 2402
309 3032
309 4710
309 5373
309 5582
309 5727
310 192
310 341
310 2080
310 2614
310 5821
311 194
311 1996
311 4417
311 5898
312 195
312 1412
312 1722
312 4269
313 198
313 496
313 695
313 2041
313 2042
313 3714
313 4250
313 4302
313 5846
313 5856
313 5870
313 5895
314 197
314 932
314 1368
314 3253
314 3451
314 3714
314 4067
315 199
315 488
315 538
315 1143
315 2029
315 2263
315 2307
315 2826
315 3039
315 3607
315 4139
315 4393
315 4723
315 4740
315 4843
315 5379
315 5380
315 5707
315 5812
315 5828
316 200
316 349
316 1823
316 2427
316 3062
316 4076
316 4516
316 4768
316 4812
317 202
317 500
317 719
317 772
317 1499
317 1527
317 1972
317 2116
317 2204
317 2355
317 3170
317 3373
317 3477
317 3837
317 4041
317 4149
317 4150
317 4153
317 4768
317 4833
317 5132
317 5277
317 5469
318 203
318 660
318 811
318 2856
319 205
319 468
319 955
319 1473
319 2388
319 2691
319 5394
320 206
320 1117
320 1278
320 2906
320 3583
320 3934
320 3968
320 4417
320 4537
320 4898
320 5744
320 5770
320 5896
321 206
321 531
321 2173
321 5568
322 206
322 356
322 845
322 917
322 1491
322 1495
322 1774
322 2653
322 3929
323 206
323 446
323 630
323 2447
323 3389
324 207
324 354
324 1777
324 1778
324 1779
324 2652
324 2674
324 3148
324 3328
324 3886
325 210
325 969
325 1815
325 2366
325 3881
326 211
326 808
326 865
326 2323
326 3579
326 3834
326 3994
326 4766
326 5037
326 5105
326 5502
326 5546
326 5645
326 5736
327 213
327 264
327 295
327 415
327 475
327 488
327 798
327 1924
327 1929
327 1991
327 2344
327 2612
327 3150
327 3259
327 4949
327 5594
328 1821
328 2092
328 2095
328 2829
329 213
329 1990
329 2046
329 2461
329 3875
329 5493
330 213
330 325
330 1403
330 1607
330 1984
330 2892
330 4193
330 4232
331 214
331 1402
331 2195
331 3233
331 3259
331 3770
332 217
332 516
332 1877
332 1981
332 2301
332 3682
332 4186
333 218
333 530
333 1335
333 1645
333 1896
333 1971
333 2513
333 2949
333 3124
333 3468
333 3496
333 3507
333 3925
333 3949
333 4159
333 4205
333 4206
333 4293
333 4358
333 4483
333 4661
333 4833
333 5084
333 5311
333 5491
333 5538
333 5597
333 5640
333 5826
334 482
334 483
334 1105
334 3146
334 5114
334 5563
334 5760
334 5887
335 220
335 383
335 490
335 2468
335 5394
336 221
336 222
336 223
336 224
336 406
337 226
337 1065
337 1331
337 3978
337 5433
337 5803
338 228
338 3194
338 3789
338 4857
339 230
339 1890
339 2709
339 2834
339 3076
339 3090
339 3097
340 727
340 981
340 3097
340 4656
341 234
341 2208
341 2560
341 2816
341 2860
341 3920
341 4117
341 5838
342 234
342 3235
342 4355
342 5911
343 235
343 2375
343 4808
343 4841
343 5883
344 236
344 452
344 1283
344 1690
344 1964
344 2884
344 4063
344 4402
344 4565
344 5830
345 237
345 690
345 772
345 979
345 1213
345 1290
345 2134
345 2659
345 3130
345 3304
345 3633
345 4292
345 5338
345 5419
346 239
346 703
346 2009
346 3046
347 1909
347 3124
347 3670
347 4196
348 241
348 326
348 554
348 574
348 1111
348 1903
348 2987
348 5001
349 241
349 412
349 413
349 1229
349 2859
349 3521
349 5235
350 241
350 1616
350 2102
350 2945
350 3162
350 3468
350 3491
350 3591
350 4868
350 5210
351 243
351 3182
351 3315
351 5130
352 2467
352 3583
352 4363
352 5732
353 246
353 699
353 702
353 1689
354 247
354 1320
354 1602
354 4101
355 248
355 1189
355 1195
355 1241
355 1613
355 1887
355 2848
355 2889
356 249
356 701
356 1509
356 1893
356 2103
356 2172
356 2407
356 3801
356 3988
356 4026
356 4219
356 4670
356 4732
356 4860
356 5047
356 5727
356 5732
357 249
357 1232
357 1493
357 1494
357 1906
357 2221
357 3203
357 3502
357 4369
357 4884
357 5084
358 250
358 258
358 1129
358 1300
358 1701
358 1843
358 3050
358 4600
358 5144
358 5751
359 251
359 458
359 1068
359 2499
359 5389
360 253
360 876
360 1348
360 1760
360 2593
360 3217
360 3428
361 255
361 2518
361 3497
361 5011
361 5092
361 5190
362 256
362 869
362 1596
362 2229
362 2402
362 3040
362 3583
362 3660
362 4180
362 4366
362 4439
362 5193
363 257
363 287
363 1848
363 4159
364 264
364 488
364 2721
364 2913
364 5875
365 265
365 360
365 473
365 500
365 1030
365 1359
365 1520
365 1530
365 3825
365 4184
365 5612
365 5619
366 266
366 480
366 2844
366 3512
367 304
367 550
367 931
367 976
367 1556
367 1659
367 1814
367 1877
367 2120
367 2378
367 3260
367 4802
367 5163
368 269
368 1428
368 1553
368 1620
368 2039
368 2099
368 2189
368 3395
368 3591
368 4415
369 1880
369 1955
369 2178
369 4598
369 5227
370 270
370 323
370 1855
370 1865
370 1990
370 2702
370 2763
370 2982
370 3359
370 3594
370 4097
370 4534
371 273
371 289
371 568
371 684
371 3695
372 274
372 340
372 663
372 669
372 679
372 2949
372 4355
372 4677
373 274
373 370
373 526
373 1578
373 2326
373 3468
373 3494
373 3608
373 3832
373 3858
373 3949
373 4212
373 4213
373 4214
373 4215
373 4376
373 4390
373 4722
373 5032
373 5037
373 5218
373 5745
374 275
374 367
374 731
374 2402
374 2949
374 3126
375 275
375 367
375 673
375 677
375 1664
375 2029
375 2275
375 2611
375 2949
375 4021
375 4328
375 4470
375 4663
375 5113
375 5281
375 5699
376 277
376 762
376 1421
376 2697
377 279
377 628
377 1198
377 1369
377 2558
378 602
378 1087
378 1619
378 4074
379 1630
379 3352
379 3866
379 5449
380 283
380 2147
380 5874
380 5888
381 283
381 892
381 972
381 4438
382 284
382 990
382 2700
382 2712
382 4419
382 5122
383 284
383 1079
383 1834
383 1972
384 288
384 632
384 3091
384 4062
384 4530
384 4668
384 4733
384 5635
384 5975
385 289
385 329
385 1580
385 1585
385 1765
385 2967
385 3002
385 3668
385 3693
385 3754
385 4317
385 4380
385 5832
386 1655
386 4060
386 4494
386 4647
386 4850
387 290
387 291
387 510
387 3336
387 4288
387 5503
388 290
388 1502
388 4018
388 5328
388 5692
389 292
389 2163
389 4095
389 5910
390 294
390 866
390 2105
390 2944
390 5780
391 295
391 1129
391 1138
391 1224
391 1405
391 1804
391 2700
391 3026
391 4071
391 4525
391 4890
391 5775
392 296
392 1999
392 2297
392 2821
393 296
393 475
393 773
393 1736
393 4203
394 302
394 2301
394 2478
394 4217
395 303
395 836
395 2782
395 3170
395 4655
395 4811
396 304
396 1663
396 1893
396 2436
396 2454
396 2702
396 3233
396 3314
396 4213
396 4661
396 4723
396 5583
396 5656
396 5828
396 5878
397 305
397 327
397 423
397 479
397 1355
397 1359
397 1663
397 1974
397 2120
397 2197
397 2329
397 2711
397 2870
397 2963
397 3019
397 4027
397 4408
397 4624
397 4679
397 5439
397 5452
397 5564
397 5631
397 5682
398 1398
398 2920
398 4552
398 5185
399 307
399 538
399 639
399 640
399 2224
399 2650
399 2768
399 3653
399 3691
399 3879
399 4255
399 4375
399 4551
399 4555
399 4853
399 5490
399 5580
399 5704
399 5820
399 5959
400 308
400 1491
400 2195
400 2842
400 2843
400 3036
400 5414
401 308
401 422
401 1304
401 1833
401 2069
401 2583
402 308
402 3566
402 3619
402 5107
402 5212
403 309
403 310
403 5435
403 5741
404 309
404 932
404 1784
404 1877
404 2702
404 5626
405 652
405 3083
405 3224
405 5041
406 310
406 457
406 1251
406 3071
406 3174
406 3249
407 310
407 398
407 882
407 1362
407 1664
407 2743
407 3424
407 3944
407 4420
407 4961
407 5547
407 5550
407 5798
407 5828
407 5851
408 735
408 1288
408 2898
408 4694
409 311
409 1953
409 2121
409 2178
410 313
410 479
410 2078
410 2119
410 2210
410 2305
410 4380
410 4411
410 4785
410 5043
410 5354
411 314
411 2412
411 2519
411 2997
411 4188
411 4952
412 316
412 318
412 658
412 712
412 1383
412 1417
412 1768
412 2330
412 2431
412 2714
412 3015
412 3020
412 3183
412 3887
412 4222
412 4370
412 4632
412 4802
412 4811
412 4839
412 5328
412 5754
413 317
413 374
413 538
413 630
413 695
413 709
413 784
413 1051
413 1105
413 1109
413 1140
413 1179
413 1274
413 1376
413 1629
413 1728
413 1729
413 1868
413 2016
413 2098
413 2471
413 2805
413 3057
413 3081
413 3282
413 3540
413 4090
413 4302
413 4306
413 4333
413 4346
413 4388
413 4415
413 4481
413 4619
413 4624
413 4791
413 4802
413 4995
413 5178
413 5329
413 5351
413 5431
413 5452
413 5496
413 5527
413 5655
413 5681
413 5732
413 5800
414 319
414 709
414 743
414 1062
414 1212
414 1879
414 1932
414 2088
414 2249
414 2405
414 5086
415 320
415 713
415 2428
415 2708
415 2765
415 3687
415 5762
416 1041
416 1055
416 2569
416 5432
417 321
417 2123
417 3233
417 5545
418 323
418 511
418 634
418 892
418 1007
418 1008
418 1515
418 1525
418 1527
418 1538
418 1799
418 1978
418 2239
418 2251
418 2268
418 2590
418 2659
418 2806
418 2807
418 2960
418 3437
418 3475
418 3646
418 3804
418 3810
418 4007
418 4008
418 4013
418 4133
418 4311
418 4355
418 5020
418 5212
418 5292
418 5609
419 324
419 771
419 1139
419 2502
419 2552
419 3676
419 4784
419 4853
420 327
420 431
420 551
420 857
420 917
420 1152
420 1399
420 2004
420 2327
420 2369
420 2373
420 2725
420 2747
420 3398
420 3998
420 4212
420 4383
420 4901
420 5105
420 5314
421 328
421 4187
421 4495
421 5654
422 329
422 1193
422 1984
422 1990
422 2209
422 2523
422 2894
422 4414
422 5197
423 662
423 857
423 1801
423 1828
423 1969
423 3472
424 331
424 333
424 714
424 837
424 876
424 1007
424 1089
424 1321
424 1527
424 1537
424 1608
424 1611
424 1622
424 1659
424 1884
424 1897
424 2175
424 2178
424 2339
424 2405
424 2428
424 2623
424 3058
424 3223
424 3320
424 3722
424 3825
424 3966
424 3977
424 4803
424 5050
424 5252
424 5397
425 332
425 3339
425 3888
425 3953
426 1109
426 1372
426 2082
426 3476
426 4319
426 4964
427 332
427 1355
427 1359
427 2413
427 4203
428 335
428 2285
428 2286
428 2601
428 4602
429 336
429 562
429 708
429 742
429 1603
429 1612
429 2982
430 337
430 984
430 1797
430 2385
430 5144
431 339
431 342
431 344
431 348
431 592
431 952
431 3840
431 5782
432 340
432 342
432 343
432 345
432 346
432 360
432 361
432 370
432 544
432 587
432 590
432 652
432 667
432 669
432 673
432 677
432 678
432 754
432 777
432 950
432 2059
432 2282
432 2944
432 2945
432 2949
432 3057
432 3943
432 4034
432 4159
432 4338
432 4673
432 4725
432 4853
432 5224
432 5413
432 5715
432 5770
432 5844
432 5969
433 4083
433 4916
433 5413
433 5486
434 342
434 675
434 3123
434 4062
435 342
435 344
435 348
435 405
435 444
435 1990
435 3839
435 4853
436 343
436 455
436 590
436 591
436 1870
436 5510
437 343
437 344
437 819
437 917
437 4182
437 4722
437 4723
437 5044
437 5745
437 5759
437 5812
438 343
438 1207
438 2018
438 2533
438 2902
438 4275
438 4499
438 5023
438 5035
438 5372
439 345
439 552
439 1251
439 1342
439 1645
439 3626
439 3941
439 4850
439 5078
439 5644
439 5899
440 345
440 488
440 2108
440 2457
440 3939
440 4217
440 5744
441 345
441 1251
441 1640
441 1994
441 2402
441 4219
442 347
442 908
442 1207
442 1968
442 4199
442 4302
442 4416
442 4485
442 4680
442 4984
442 4985
442 5686
443 347
443 4212
443 5896
443 5949
444 349
444 1694
444 2451
444 5445
445 349
445 360
445 451
445 775
445 1038
445 1105
445 1374
446 349
446 364
446 372
446 460
446 749
447 349
447 378
447 492
447 678
447 679
447 1477
447 1504
447 3071
447 3339
447 5151
448 349
448 1251
448 3261
448 4212
448 5245
448 5746
449 349
449 594
449 2612
449 3575
450 349
450 2195
450 3124
450 3637
451 2309
451 2581
451 4493
451 5387
452 351
452 774
452 1040
452 5021
453 351
453 815
453 953
453 2506
453 2621
453 4428
453 5466
453 5663
454 351
454 477
454 1125
454 1577
454 3390
454 3855
454 4347
455 351
455 3591
455 3775
455 3805
455 4135
455 5209
455 5270
455 5318
455 5411
455 5539
456 351
456 3075
456 3233
456 4966
457 351
457 2368
457 2531
457 3955
457 4054
457 5137
458 351
458 2508
458 3677
458 4497
458 4531
458 5294
458 5449
458 5736
459 355
459 641
459 643
459 1059
459 1503
459 4559
460 752
460 782
460 1738
460 2778
460 5490
460 5790
460 5794
460 5866
461 1741
461 2459
461 2499
461 4177
462 357
462 610
462 611
462 772
462 1668
462 2168
462 2445
462 2581
462 3075
462 3158
462 3757
462 3899
462 4142
462 4337
462 4474
462 4586
462 4969
462 5063
463 1747
463 4875
463 5557
463 5802
464 360
464 1766
464 2507
464 4777
465 360
465 675
465 3480
465 3529
465 3606
465 4626
465 4672
465 4677
465 5019
465 5273
465 5284
465 5287
465 5289
466 360
466 440
466 3386
466 3892
467 360
467 678
467 1571
467 2238
467 2385
467 3093
467 3938
467 3939
467 4022
467 5058
467 5601
467 5648
467 5649
467 5658
467 5715
467 5971
468 361
468 1336
468 2786
468 3058
468 5892
469 362
469 407
469 698
469 1909
469 2719
469 3699
469 4075
469 5625
470 363
470 621
470 1294
470 4748
470 4749
470 5626
470 5702
471 363
471 3306
471 3856
471 4109
472 366
472 711
472 2003
472 4551
473 366
473 372
473 583
473 926
473 1005
473 1652
474 366
474 682
474 2029
474 2204
474 2944
474 2948
474 4248
475 368
475 373
475 447
475 597
475 733
475 765
475 2367
475 2499
475 2965
475 3582
475 3604
475 3813
475 4576
475 5110
475 5864
475 5876
476 369
476 687
476 1582
476 2349
476 3950
476 3997
477 370
477 693
477 760
477 1378
477 1712
477 2094
477 2354
477 2452
477 2537
477 2946
477 3234
477 3429
477 3529
477 3715
477 4089
477 4238
477 5039
477 5240
477 5484
477 5645
477 5647
478 371
478 3834
478 4212
478 5399
478 5502
478 5541
479 371
479 496
479 530
479 815
479 1215
479 1758
479 2204
479 2944
479 2947
479 3241
479 3529
479 3774
480 375
480 2103
480 5115
480 5514
480 5770
480 5844
481 376
481 571
481 2302
481 2501
481 2594
481 2790
481 2851
481 3059
481 3569
481 4326
481 4674
481 5698
482 377
482 390
482 2215
482 3001
482 3093
482 5056
482 5646
482 5837
482 5954
482 5973
483 378
483 543
483 909
483 2796
484 380
484 504
484 1280
484 1474
484 2100
484 2462
484 3373
484 4432
484 4618
485 381
485 1066
485 2415
485 2572
485 3018
485 3072
485 4361
485 4889
485 5625
486 382
486 1251
486 1823
486 1849
486 2560
486 2580
486 2927
486 3119
486 3863
486 3922
486 4256
486 4429
486 5224
486 5373
486 5503
486 5648
486 5752
486 5878
486 5926
486 5963
486 5975
487 1217
487 1481
487 4414
487 4470
487 4471
487 4681
487 5447
488 385
488 678
488 2260
488 3061
488 4394
489 386
489 424
489 1485
489 1605
489 1945
489 2172
489 2353
489 2358
489 2434
489 3203
489 3724
489 4918
489 4947
489 5772
490 387
490 4034
490 5373
490 5541
490 5553
490 5554
491 387
491 3140
491 3220
491 4746
491 5408
492 387
492 3934
492 3939
492 4026
493 387
493 817
493 983
493 1256
493 1401
493 1451
493 1755
493 1952
493 1990
493 2195
493 2634
493 2764
493 3986
493 4214
493 5183
493 5202
493 5513
493 5736
493 5746
494 387
494 2860
494 4680
494 5245
495 387
495 692
495 1825
495 2008
495 5001
496 1653
496 1654
496 2522
496 5966
497 388
497 2476
497 2866
497 2947
497 3210
497 3770
497 3872
498 389
498 2450
498 3621
498 5155
498 5434
499 392
499 396
499 1674
499 2526
499 2627
499 3119
499 3153
499 3449
499 3487
499 3758
499 5005
500 393
500 1251
500 2014
500 3201
501 395
501 3988
501 5014
501 5543
502 397
502 829
502 1693
502 2115
502 4353
503 398
503 913
503 1836
503 3138
503 3150
503 3259
503 4595
503 5322
503 5420
504 399
504 3022
504 3224
504 4337
505 1825
505 2271
505 5059
505 5430
506 402
506 1034
506 1177
506 1206
506 2447
506 2753
506 2810
506 3011
506 5460
507 409
507 1264
507 2862
507 2951
508 410
508 877
508 1153
508 1547
508 1571
508 2170
508 3176
508 3529
509 411
509 1635
509 4054
509 4811
510 412
510 414
510 557
510 558
510 2740
511 413
511 1184
511 2904
511 4948
512 415
512 1540
512 1886
512 2865
512 4724
512 5669
513 416
513 428
513 1614
513 1676
513 1796
513 2117
513 2641
514 417
514 1607
514 4822
514 4925
514 5209
515 418
515 650
515 729
515 1241
515 1631
515 1788
515 2338
515 2612
515 2784
515 3008
515 3297
515 3323
515 3685
515 3807
515 4016
515 4487
515 4891
516 418
516 1393
516 1425
516 1669
516 2042
516 2254
516 2335
516 2432
516 2746
516 2909
516 3222
516 3725
516 5478
516 5863
517 423
517 1318
517 2988
517 3268
517 3597
517 5871
518 424
518 435
518 835
518 1119
518 1120
518 1437
518 1913
518 2068
518 2582
519 427
519 621
519 983
519 1154
519 5399
519 5746
519 5770
520 427
520 435
520 479
520 481
520 922
520 1000
520 1092
520 1639
520 1730
520 2542
520 2631
520 2699
520 2766
520 3465
520 3562
520 4211
520 5416
521 790
521 2728
521 3528
521 5248
521 5725
522 640
522 1990
522 3798
522 4417
523 1331
523 2098
523 2325
523 3149
523 4758
523 4827
524 1436
524 1439
524 2989
524 3080
524 3573
524 5030
525 434
525 630
525 1303
525 1634
525 2195
525 2618
525 3057
525 4330
525 4680
525 5067
525 5502
525 5514
525 5583
525 5686
525 5727
525 5878
525 5975
525 5982
526 435
526 600
526 652
526 1208
526 1214
526 1250
526 1274
526 1420
526 1628
526 4279
526 4597
527 435
527 3550
527 4933
527 5401
527 5404
527 5623
527 5740
527 5933
528 438
528 1032
528 1054
528 2626
528 4230
528 5948
529 439
529 4170
529 5373
529 5770
529 5835
530 442
530 1417
530 2136
530 2368
530 3626
531 443
531 1686
531 2156
531 2560
531 2862
531 2912
531 3579
531 3945
531 4252
531 5373
531 5642
531 5669
531 5735
531 5736
531 5770
531 5949
531 5954
531 5969
532 444
532 838
532 1033
532 1044
532 1766
533 445
533 681
533 1478
533 2456
533 2639
533 2910
533 3257
533 4417
533 4787
534 839
534 889
534 926
534 1676
534 1829
534 1866
534 4783
535 449
535 2280
535 2525
535 3308
535 3467
535 3973
535 4341
536 455
536 1676
536 2451
536 2550
536 2677
536 2702
536 2773
536 3604
537 459
537 2359
537 3966
537 5280
538 460
538 732
538 810
538 847
538 2954
538 3128
538 4657
538 4734
538 4858
539 834
539 1752
539 2527
539 2855
539 4354
539 4409
539 4416
539 4778
540 2059
540 2307
540 2634
540 4383
540 5250
541 463
541 1038
541 1226
541 2683
541 3874
541 4416
541 4903
542 466
542 715
542 2470
542 2809
542 3795
543 467
543 496
543 592
543 670
543 678
543 825
543 2204
543 2266
543 2348
543 2944
543 3174
543 3471
543 3978
544 467
544 526
544 1974
544 2986
544 3468
544 4139
544 4215
544 4310
544 4314
544 4376
544 4551
544 5034
544 5188
544 5396
544 5664
545 467
545 1429
545 2733
545 2949
545 3361
545 4089
545 4196
545 4383
545 5683
545 5915
546 467
546 666
546 678
546 1595
546 4002
546 5333
546 5334
546 5335
546 5336
546 5694
547 468
547 1336
547 1661
547 1684
548 678
548 855
548 2204
548 3306
548 3527
548 3736
549 469
549 670
549 2385
549 2560
549 5954
549 5982
550 470
550 499
550 989
550 1010
550 1834
550 3293
550 3364
551 668
551 693
551 1564
551 1976
551 2315
551 2515
551 3853
551 4885
551 5644
551 5669
552 1100
552 1605
552 3525
552 5069
552 5093
553 474
553 1725
553 3748
553 4410
553 4411
553 4764
553 4946
553 5220
553 5247
553 5324
554 567
554 880
554 890
554 909
554 1247
554 1248
554 1656
554 2225
554 2432
554 4626
554 5799
555 475
555 693
555 2195
555 3836
555 3953
555 4499
556 475
556 4680
556 5236
556 5503
556 5514
556 5736
556 5770
557 1524
557 3559
557 4326
557 5422
558 475
558 2702
558 3953
558 4830
559 475
559 672
559 803
559 4763
560 475
560 722
560 1034
560 1373
560 1377
560 1378
560 1555
560 2227
560 3776
560 4414
560 5687
561 477
561 1462
561 1487
561 5526
562 479
562 750
562 1975
562 2613
562 5111
562 5169
563 483
563 485
563 992
563 1736
563 5117
564 485
564 487
564 2312
564 5423
565 486
565 810
565 2015
565 2031
565 2118
565 2886
565 3926
565 4116
565 4199
566 488
566 2213
566 2402
566 2560
566 3579
566 3879
566 4146
566 4192
566 4377
566 4893
566 4982
566 4988
566 5373
566 5581
566 5669
566 5678
566 5727
566 5931
566 5942
566 5968
567 488
567 1737
567 3879
567 4244
567 5847
568 489
568 3663
568 5059
568 5451
568 5608
568 5622
569 490
569 1455
569 2402
569 3533
570 490
570 910
570 911
570 3734
570 5108
571 592
571 1546
571 2944
571 3074
571 3451
571 4996
571 4998
572 821
572 2506
572 2561
572 4967
572 5749
573 495
573 896
573 1009
573 2432
573 2479
573 2607
573 2882
573 3372
573 3378
573 4008
573 4397
573 4509
573 5517
573 5531
574 496
574 1258
574 1942
574 2230
574 2401
574 4302
575 496
575 2041
575 2154
575 2343
575 3971
575 4727
575 5405
575 5747
576 496
576 1670
576 3176
576 3718
576 4098
576 4179
576 5543
577 496
577 857
577 1302
577 1889
577 2178
577 2433
577 2512
577 2789
577 3586
577 4772
578 2482
578 3793
578 5443
578 5749
579 496
579 693
579 1066
579 1251
579 2139
579 4895
579 5208
579 5340
580 789
580 1113
580 1251
580 2252
580 2277
580 2311
581 496
581 3853
581 5727
581 5770
581 5813
582 496
582 533
582 930
582 1513
582 2589
582 2591
582 2964
582 3393
582 3474
582 3956
582 5075
582 5316
582 5324
582 5451
582 5459
582 5477
582 5576
582 5857
583 496
583 1378
583 2103
583 2228
583 2560
583 3254
583 5115
584 496
584 1574
584 5061
584 5142
585 496
585 801
585 2543
585 3626
585 5700
586 498
586 854
586 1257
586 2043
586 2800
586 3180
586 4167
586 4302
586 4405
586 5341
586 5712
587 500
587 516
587 1270
587 3437
587 5665
588 501
588 530
588 2161
588 2980
588 3096
588 3447
588 3518
588 5062
588 5361
588 5489
589 502
589 630
589 678
589 2944
589 2954
589 3192
589 3233
589 3605
589 4086
589 4219
589 4540
589 5275
589 5373
589 5666
590 505
590 513
590 2664
590 2806
590 3369
590 4636
591 506
591 807
591 2805
591 3335
591 4315
591 4675
592 508
592 589
592 605
592 1251
592 1252
592 1883
592 2432
592 2442
592 2702
592 3070
592 3189
592 3296
592 3369
592 3843
592 4007
592 4078
592 4557
592 4768
592 5291
593 510
593 1548
593 3208
593 5083
593 5508
594 511
594 1527
594 2657
594 2806
594 2887
595 511
595 1527
595 3364
595 3367
596 511
596 1747
596 2191
596 3740
596 3756
596 4073
596 5877
597 512
597 1525
597 3278
597 3297
597 3662
597 3810
597 4007
597 4599
597 5032
597 5410
597 5436
598 513
598 878
598 2049
598 2190
598 3348
598 3368
598 3369
598 3371
598 4508
598 4782
598 4808
598 5070
598 5200
598 5454
599 513
599 516
599 736
599 1354
599 1520
599 2268
599 3256
599 3320
599 3369
599 3437
599 3663
599 3807
599 3904
599 4259
599 4384
599 4641
599 5154
599 5200
599 5508
599 5686
599 5931
600 514
600 519
600 1091
600 1194
600 1350
600 1535
600 4650
600 5118
601 516
601 929
601 1789
601 4457
601 4767
601 4852
601 4967
601 5279
601 5628
602 516
602 1990
602 4007
602 4228
603 517
603 575
603 577
603 891
603 1007
603 1014
603 1562
603 1864
603 3437
603 3765
603 4008
603 4616
604 519
604 526
604 579
604 694
604 2262
605 519
605 651
605 782
605 1445
605 1991
605 4380
606 522
606 2341
606 3580
606 5968
607 522
607 862
607 1380
607 1403
607 1406
607 1635
607 2610
607 4792
607 5179
607 5755
608 522
608 524
608 1807
608 3216
608 5344
608 5788
609 525
609 592
609 677
609 678
609 718
609 2204
609 2205
609 2945
609 2946
609 2947
609 2949
609 3261
609 3281
609 3567
609 3949
610 527
610 1990
610 2102
610 2131
610 2176
610 2513
610 2705
610 3981
610 4265
610 5347
610 5789
611 739
611 1109
611 1378
611 2703
611 3297
611 5338
612 530
612 780
612 782
612 1199
612 2357
612 3339
612 3597
612 4425
613 656
613 2101
613 2246
613 2802
613 3457
613 4151
613 4732
613 5672
613 5761
614 534
614 825
614 1929
614 2424
614 2447
614 2728
614 2793
614 3174
614 3468
614 3587
614 3612
614 3761
614 4204
614 5605
615 535
615 986
615 1109
615 1173
615 1253
615 1266
615 1359
615 1583
615 1589
615 2002
615 4577
615 5087
615 5205
615 5636
616 536
616 917
616 2019
616 2762
616 3040
616 3317
616 4409
616 4667
616 4939
616 5316
616 5459
616 5550
616 5574
616 5575
616 5612
617 541
617 772
617 892
617 1012
617 3545
617 3810
617 4968
618 542
618 1251
618 2515
618 2849
618 4818
618 5424
618 5743
619 543
619 643
619 660
619 1771
619 2778
619 2919
619 3233
620 547
620 569
620 623
620 723
620 769
620 853
620 854
620 1034
620 1604
620 1754
620 2826
620 3495
620 3811
620 4986
621 549
621 855
621 3278
621 3807
622 553
622 1190
622 1425
622 3028
622 5173
622 5242
623 555
623 1016
623 1634
623 2042
623 2273
623 2494
623 2667
623 2925
623 4068
623 4535
623 5233
624 557
624 1251
624 3544
624 4121
624 4960
624 5244
624 5259
624 5487
625 558
625 2759
625 2784
625 4477
626 560
626 1682
626 3705
626 3713
626 3857
626 3876
627 565
627 679
627 2146
627 2204
627 4390
627 4555
628 566
628 1246
628 4114
628 4507
628 5417
628 5739
629 568
629 2402
629 4154
629 4508
629 5736
629 5770
630 568
630 696
630 770
630 1209
630 1488
630 1625
630 1937
630 2071
630 3420
630 3470
630 3967
631 571
631 1866
631 1990
631 3057
631 4199
632 573
632 772
632 1516
632 2021
632 2032
632 3089
632 3297
632 3700
632 4225
632 5021
632 5290
632 5404
632 5459
632 5608
632 5756
633 574
633 576
633 2871
633 2961
634 574
634 1080
634 1564
634 1595
634 1679
634 1800
634 2781
634 2872
634 3552
634 4217
634 4884
635 1485
635 2869
635 2884
635 4626
636 1980
636 2086
636 5175
636 5544
637 577
637 725
637 962
637 2379
637 3907
638 579
638 1288
638 1740
638 2875
638 4678
638 5706
639 2556
639 2563
639 3259
639 4938
640 582
640 694
640 1990
640 3391
640 4705
640 5242
640 5471
640 5696
640 5697
641 584
641 2511
641 3102
641 3639
641 4378
641 4811
641 4950
641 5662
642 585
642 1764
642 1785
642 3781
642 4057
642 4900
642 5399
642 5844
642 5913
643 587
643 947
643 2334
643 3399
643 3486
643 3738
643 3961
643 4910
644 587
644 1543
644 1795
644 5047
644 5390
645 587
645 1795
645 3666
645 5693
646 590
646 608
646 1115
646 1366
646 2662
646 2750
646 2884
646 3231
646 4605
646 5689
647 592
647 660
647 1025
647 2926
647 2944
647 4219
647 4508
647 4983
648 596
648 1936
648 2240
648 2681
648 3135
649 597
649 2349
649 2560
649 3468
649 4988
649 5008
649 5503
649 5745
650 599
650 3147
650 3360
650 4369
650 4850
650 5239
650 5363
650 5733
651 601
651 831
651 2774
651 2876
652 603
652 2316
652 2813
652 3168
652 4251
652 5246
652 5247
652 5375
653 604
653 4072
653 4335
653 4517
654 606
654 2601
654 3506
654 3611
654 3709
654 5504
655 609
655 654
655 3223
655 3806
655 4670
656 3568
656 3694
656 4044
656 4045
656 4609
657 651
657 759
657 771
657 2872
658 614
658 670
658 819
658 3402
658 4864
658 5793
659 617
659 691
659 3053
659 3785
660 619
660 895
660 1007
660 1864
660 2005
660 2666
660 2803
660 2806
660 2832
660 3364
660 3475
660 3647
660 3806
660 3849
660 4264
660 5608
660 5822
661 620
661 2122
661 2416
661 4171
661 4811
661 5886
662 621
662 1206
662 2687
662 5207
663 621
663 694
663 953
663 1947
663 2003
663 2213
663 3309
663 3471
663 4007
663 4752
663 4828
663 5744
664 621
664 5212
664 5264
664 5670
665 621
665 868
665 1275
665 1425
665 3222
666 621
666 1806
666 3424
666 3966
666 5140
666 5625
667 625
667 1251
667 1614
667 2695
667 2780
667 2939
667 3147
667 3753
667 3991
667 4014
667 5921
668 625
668 772
668 1798
668 2134
669 630
669 668
669 1202
669 1570
669 2629
670 1501
670 3274
670 3382
670 5301
670 5760
671 630
671 867
671 4377
671 5010
672 634
672 993
672 1520
672 1521
672 1532
672 1533
672 2560
672 2804
672 2853
672 2860
672 3367
672 3905
672 4055
672 4680
672 4837
672 5373
672 5669
672 5770
672 5931
673 634
673 1518
673 1537
673 1703
673 2654
673 3723
673 5025
673 5772
674 636
674 2807
674 3227
674 4627
674 5200
675 638
675 2290
675 2352
675 2969
675 4496
675 4895
675 5048
676 840
676 871
676 1251
676 3999
676 4456
677 641
677 657
677 753
677 756
677 757
677 1034
677 1251
677 2302
677 2314
677 2560
677 2568
677 2594
677 2773
677 3766
677 4262
677 4459
677 5373
677 5503
677 5753
677 5770
678 641
678 2016
678 2033
678 3504
678 4920
678 5305
679 644
679 1366
679 1808
679 2306
680 644
680 1206
680 3099
680 3309
680 3482
680 3549
680 4010
680 5194
680 5952
681 645
681 1094
681 1452
681 2620
681 4449
682 646
682 1107
682 1447
682 1686
682 1973
682 2126
682 2441
682 2947
682 5588
683 648
683 1137
683 1884
683 2004
683 2256
683 3592
683 3594
683 4398
683 4443
683 4610
683 4658
684 652
684 862
684 1524
684 2092
684 2352
685 652
685 2860
685 3309
685 4212
685 4213
685 4538
685 5546
685 5642
685 5744
685 5770
686 652
686 4200
686 4242
686 4928
687 652
687 1279
687 5126
687 5310
688 656
688 658
688 2191
688 2586
688 3854
688 4127
688 4509
688 5915
689 657
689 700
689 946
689 1604
689 3045
689 4689
689 5203
689 5783
690 656
690 793
690 2195
690 4219
691 658
691 3036
691 5005
691 5900
692 656
692 796
692 3319
692 3920
692 5936
693 657
693 3034
693 4383
693 4626
694 657
694 669
694 693
694 1607
694 3943
694 5578
694 5944
695 657
695 1430
695 2860
695 3938
695 4884
695 5746
695 5838
695 5924
696 657
696 760
696 2304
696 2452
696 3426
697 1486
697 3921
697 4680
697 4726
697 5206
697 5503
697 5669
697 5746
697 5770
697 5835
697 5837
697 5838
697 5944
697 5977
698 661
698 2773
698 2896
698 3036
698 4078
698 5427
699 663
699 1478
699 3167
699 3225
699 3240
699 3584
699 4262
699 4415
699 4416
699 4668
699 4889
700 663
700 711
700 950
700 4814
701 664
701 665
701 667
701 932
701 1199
701 1296
701 3986
701 5541
701 5744
702 670
702 1840
702 3301
702 5724
703 1838
703 3111
703 3884
703 5406
704 673
704 841
704 1854
704 1990
704 3826
704 4416
704 4485
705 675
705 802
705 1294
705 5345
706 676
706 760
706 1093
706 1769
706 3742
707 677
707 678
707 2508
707 3926
707 4819
707 5191
707 5306
707 5627
708 677
708 2151
708 4017
708 4276
708 4799
709 677
709 679
709 1131
709 1770
710 2598
710 3245
710 3813
710 3959
711 678
711 3694
711 5746
711 5968
712 679
712 917
712 1254
712 4094
712 4130
713 680
713 1423
713 3346
713 4278
714 681
714 1273
714 5232
714 5461
714 5462
715 681
715 1391
715 1392
715 1983
715 2675
715 5460
716 683
716 804
716 1443
716 1744
716 2491
716 2888
716 2944
716 2946
716 3625
716 3880
716 4122
716 4234
716 4488
716 4944
716 5868
717 685
717 794
717 923
717 1359
717 4885
718 692
718 966
718 4165
718 4971
719 693
719 709
719 1043
719 1100
719 1155
719 1588
719 1847
719 1857
719 1967
719 2788
719 3357
719 4065
719 4765
719 5472
720 693
720 1643
720 5032
720 5195
721 693
721 862
721 963
721 1149
722 2801
722 4312
722 4356
722 5373
723 693
723 1034
723 1251
723 2195
724 694
724 2456
724 3934
724 5503
725 699
725 1638
725 1808
725 2480
725 3516
725 3848
726 701
726 3468
726 3579
726 5485
726 5744
726 5913
726 5973
727 705
727 1078
727 1162
727 4463
728 714
728 1276
728 3121
728 3758
728 4197
728 4383
729 716
729 1315
729 2288
729 2486
729 3676
730 721
730 775
730 3688
730 4184
730 4732
731 722
731 824
731 916
731 1676
731 1678
731 2287
731 2317
731 3246
731 4411
731 4415
731 4788
731 5212
731 5318
731 5470
732 722
732 1901
732 2027
732 2191
733 727
733 2093
733 2885
733 3060
733 5657
734 733
734 734
734 2042
734 2066
734 2332
734 2336
734 2843
734 3344
734 3966
734 4234
734 4583
735 739
735 1552
735 3531
735 3772
735 3997
736 739
736 1200
736 3059
736 3581
736 4043
736 5082
736 5669
736 5806
737 742
737 1295
737 3499
737 3501
738 745
738 1759
738 2246
738 3385
738 4592
738 5878
739 750
739 3922
739 5503
739 5942
740 3616
740 4732
740 5014
740 5015
740 5016
741 750
741 1461
741 2509
741 5649
741 5969
742 751
742 862
742 1411
742 3057
742 3703
742 3921
742 5008
742 5373
742 5669
742 5686
742 5947
743 752
743 948
743 1177
743 2296
743 2560
743 3431
743 5373
744 755
744 1191
744 2150
744 4485
744 5116
744 5282
744 5606
745 757
745 2302
745 2310
745 5373
745 5669
745 5968
745 5975
746 761
746 3721
746 5678
746 5736
746 5752
746 5940
747 764
747 1128
747 2472
747 2871
747 2917
747 2918
747 3436
747 4380
747 5427
747 5779
748 766
748 1421
748 2202
748 2274
748 3221
748 3583
748 4588
749 769
749 2541
749 2543
749 3489
749 4672
749 5021
750 770
750 1386
750 1781
750 1786
751 772
751 1016
751 1017
751 1231
751 1235
751 2222
751 2268
751 2269
751 2316
751 2426
751 3365
751 3437
751 3690
751 4339
751 5844
752 772
752 961
752 1265
752 1512
752 3663
752 3807
752 4008
752 5348
753 773
753 778
753 2067
753 3928
754 774
754 875
754 1255
754 1456
754 1773
754 2140
754 3614
754 3930
754 4012
754 4878
754 5141
754 5163
754 5388
754 5412
755 775
755 1407
755 1564
755 2767
755 5105
755 5727
755 5735
755 5770
756 1413
756 1886
756 2015
756 2669
756 3054
756 4794
756 5634
756 5863
757 779
757 2205
757 2431
757 3127
757 4346
757 4554
757 5076
757 5401
758 1356
758 2415
758 2480
758 4326
759 787
759 2812
759 4587
759 5379
760 790
760 4307
760 5186
760 5373
761 1072
761 2263
761 3157
761 4304
762 791
762 802
762 1543
762 1831
762 3674
762 4151
762 4239
762 4871
763 796
763 1877
763 2630
763 4486
763 4510
764 797
764 816
764 4220
764 4354
764 4411
764 4804
764 5209
764 5626
764 5737
765 849
765 1425
765 1962
765 3055
765 3287
765 3730
766 800
766 1495
766 1665
766 1879
766 2539
766 2547
766 3883
766 4191
766 4585
767 809
767 1632
767 1942
767 2272
767 2928
767 3717
767 3738
767 4115
767 5373
768 814
768 2293
768 4273
768 4905
768 5350
768 5549
768 5595
769 817
769 1037
769 1502
769 1861
769 2581
769 2901
769 3211
770 1631
770 1838
770 2417
770 3730
771 819
771 936
771 5079
771 5675
772 819
772 2153
772 3905
772 5753
772 5981
773 1209
773 2944
773 3768
773 4859
773 5498
774 825
774 1990
774 2455
774 2576
774 2946
774 4375
774 4418
774 5161
774 5503
774 5977
775 828
775 1501
775 2098
775 3339
775 5328
776 1040
776 1442
776 1528
776 1916
776 2456
776 3393
776 3464
776 4761
776 5373
777 893
777 2081
777 3512
777 3831
777 5143
777 5599
778 841
778 949
778 1036
778 1047
778 1364
778 1774
778 2091
778 3958
779 842
779 1146
779 1828
779 1845
779 2402
779 2823
779 4444
779 4809
779 5223
780 845
780 1049
780 1237
780 1376
780 2514
780 4697
780 4820
781 848
781 1792
781 3166
781 3331
781 3927
782 850
782 1812
782 3756
782 4413
782 5834
783 2213
783 2694
783 3093
783 3764
783 3935
784 855
784 3328
784 3698
784 3770
785 855
785 2109
785 5644
785 5746
785 5969
786 855
786 928
786 2772
786 5562
787 856
787 1199
787 1776
787 2649
787 4414
787 4886
788 1135
788 2716
788 4437
788 4747
788 5615
789 859
789 872
789 1466
789 5308
790 860
790 1037
790 1904
790 2038
790 2210
790 2761
790 3563
790 4745
790 5529
791 1497
791 2283
791 2814
791 2829
791 3071
791 4103
792 862
792 2905
792 3451
792 3624
793 862
793 2328
793 4965
793 5902
794 862
794 4415
794 5021
794 5441
795 863
795 1349
795 2512
795 3107
795 3833
795 4634
795 5829
795 5930
796 873
796 1091
796 3710
796 5272
797 1990
797 2691
797 3618
797 5149
798 877
798 1531
798 3003
798 3164
798 3371
798 5147
799 880
799 1040
799 4416
799 4452
799 4992
800 880
800 1100
800 1432
800 2930
801 882
801 1614
801 2045
801 2289
801 2980
801 3518
801 4081
801 4223
801 4449
801 5321
801 5339
802 1177
802 1194
802 1325
802 2047
802 2144
802 2296
802 2513
802 2569
802 3427
802 4123
802 4427
802 4673
802 4739
802 4943
803 884
803 2241
803 2885
803 3298
803 4816
804 885
804 1587
804 4302
804 4918
805 886
805 1659
805 2187
805 3341
805 3982
805 4181
805 4215
805 4368
805 4390
805 4794
805 5569
806 887
806 1281
806 2138
806 3635
806 5677
807 889
807 977
807 1827
807 4582
808 890
808 3689
808 3737
808 4163
809 894
809 1006
809 1017
809 5751
810 898
810 899
810 944
810 3807
810 4364
810 5350
811 899
811 1013
811 1900
811 2588
811 2703
811 3260
811 5304
811 5476
812 900
812 1698
812 3793
812 4030
812 4111
812 4756
813 901
813 2062
813 2409
813 3021
813 3893
814 2110
814 3084
814 4342
814 5494
815 907
815 2401
815 2561
815 3993
815 4709
816 908
816 996
816 1710
816 2687
817 909
817 1185
817 2201
817 2860
817 5911
818 3809
818 3832
818 4363
818 4724
818 5384
818 5646
818 5949
819 912
819 1010
819 2083
819 3297
819 3372
819 4606
819 5834
820 913
820 997
820 1039
820 1251
820 1418
820 1447
820 2044
820 2612
820 3327
820 3633
820 4024
821 914
821 1696
821 1949
821 3130
821 3860
821 4762
822 917
822 2826
822 3142
822 3436
822 3975
822 4681
822 5542
823 917
823 2561
823 3198
823 3468
823 3679
823 4707
823 5286
824 920
824 1871
824 2584
824 3292
824 4465
824 4512
824 5003
825 921
825 2958
825 4112
825 5421
826 940
826 1883
826 2054
826 3057
827 942
827 3579
827 5736
827 5969
828 953
828 1358
828 3284
828 3389
828 3841
828 4011
828 5373
828 5540
829 953
829 1915
829 4522
829 4623
830 954
830 3887
830 4319
830 4675
830 5021
831 956
831 2195
831 3964
831 4521
831 5222
832 958
832 3615
832 3652
832 3835
832 5591
832 5729
832 5754
833 961
833 978
833 1183
833 4664
834 962
834 2871
834 3520
834 3626
834 4494
835 964
835 2089
835 5096
835 5545
835 5736
836 965
836 1360
836 1815
836 3114
836 3351
836 4388
836 5618
837 2612
837 2953
837 3909
837 4918
837 5145
838 966
838 1457
838 3119
838 4406
839 1013
839 1539
839 3297
839 3362
839 5200
840 2560
840 3832
840 4984
840 4987
841 973
841 1550
841 1726
841 2148
841 2529
841 2648
841 2888
841 3441
841 3596
841 4053
841 4956
842 1384
842 1672
842 1830
842 2627
843 1909
843 2159
843 3239
843 4704
844 1373
844 2352
844 2531
844 4359
844 4607
845 2371
845 3433
845 4603
845 5215
846 985
846 1435
846 1887
846 2025
846 2729
846 3027
846 3073
846 3558
846 3716
846 3776
846 5050
847 1970
847 2237
847 3129
847 5506
848 988
848 1100
848 1161
848 2603
848 5371
849 991
849 1164
849 2212
849 3752
849 5465
850 992
850 1019
850 1522
850 3589
850 3738
850 4162
850 4316
851 994
851 1206
851 1774
851 4093
851 4096
851 5759
852 1001
852 1114
852 1346
852 2142
852 4761
852 5725
853 1003
853 2086
853 2229
853 3649
853 4180
853 4500
854 2590
854 3363
854 3364
854 3370
855 1008
855 1520
855 3086
855 5650
856 1013
856 1385
856 1517
856 2213
856 2402
856 2705
856 2860
856 3553
856 4538
856 5373
856 5375
856 5931
856 5981
857 1020
857 3017
857 3243
857 3509
857 4668
858 1021
858 1544
858 3524
858 5610
859 1739
859 4133
859 5439
859 5594
860 1029
860 2355
860 4896
860 5642
860 5649
861 1034
861 1733
861 2686
861 3864
862 1529
862 1990
862 3057
862 4351
863 1034
863 1852
863 2347
863 2455
863 2577
863 2634
863 2635
863 2637
863 2735
863 2799
863 2860
863 3640
863 3770
863 4212
863 4217
863 5464
863 5844
863 5949
864 1506
864 3036
864 3531
864 4009
865 1034
865 1206
865 3876
865 4010
865 5221
865 5736
865 5982
866 1036
866 1060
866 1102
866 1160
866 2451
866 2469
866 3180
866 3903
866 4147
866 5946
867 1040
867 2560
867 3801
867 3878
867 4175
867 5105
867 5373
867 5746
867 5977
868 1040
868 2784
868 3917
868 4947
868 5376
869 1041
869 1055
869 1150
869 1322
869 1692
869 2048
869 3585
870 1046
870 1846
870 2138
870 2505
870 2808
871 1046
871 1122
871 1251
871 2056
871 2314
871 5127
871 5748
871 5962
872 1052
872 1390
872 2042
872 2440
872 4831
873 1064
873 3003
873 3161
873 4469
874 1071
874 1757
874 1898
874 2058
875 1078
875 1154
875 2209
875 2446
875 2868
875 2872
875 4147
876 1082
876 2350
876 3207
876 3536
876 3885
876 5468
877 1083
877 3585
877 5343
877 5633
878 1604
878 2396
878 5342
878 5515
879 1086
879 3151
879 3713
879 4168
880 1090
880 1990
880 2502
880 3260
880 3305
880 3308
880 3656
880 5811
880 5961
881 1090
881 2944
881 5150
881 5252
882 1104
882 1794
882 3198
882 3356
882 4595
882 5088
883 1105
883 2356
883 2633
883 2753
883 2845
883 4029
884 1114
884 1176
884 1912
884 3104
884 5222
885 1192
885 1252
885 1782
885 1996
885 2042
885 3743
885 4106
885 5055
886 1123
886 2691
886 3057
886 4646
887 1127
887 1905
887 3057
887 4773
887 5545
887 5752
887 5835
888 1126
888 1205
888 3707
888 5657
889 1132
889 3270
889 3452
889 3537
890 1132
890 1918
890 2197
890 2321
890 3013
890 3287
890 3623
890 4447
890 4781
890 5834
891 1133
891 1181
891 1332
891 1504
891 1606
891 3206
891 5742
892 1137
892 3656
892 5148
892 5319
892 5730
893 1145
893 1372
893 1387
893 1687
893 2308
893 2457
893 2695
893 2777
894 1145
894 1146
894 1487
894 3336
894 5744
894 5745
895 1147
895 1922
895 2780
895 4016
895 4372
896 1149
896 5383
896 5545
896 5727
896 5942
896 5952
896 5968
896 5977
897 1157
897 1177
897 2296
897 2754
897 2873
897 2878
897 3488
897 3968
898 1161
898 2211
898 2446
898 3392
898 3502
898 3553
898 3563
898 4538
898 5378
898 5381
898 5647
898 5649
899 1167
899 3065
899 3386
899 4906
900 2113
900 3263
900 3622
900 5112
901 1175
901 1180
901 2734
901 3033
901 4048
901 4417
902 1177
902 1334
902 2314
902 5571
903 1178
903 1720
903 2490
903 2538
903 2669
903 2727
903 4126
903 5819
904 1180
904 1476
904 2817
904 4162
905 1184
905 1811
905 4511
905 4984
905 4990
905 5671
905 5936
906 1199
906 2497
906 2996
906 3627
907 1199
907 1271
907 1469
907 2139
907 3024
907 3712
908 1203
908 1738
908 3052
908 4934
909 2038
909 2077
909 2393
909 3041
909 3788
910 1732
910 4164
910 4331
910 4732
911 1216
911 2713
911 3101
911 3143
911 5756
912 1537
912 1789
912 3223
912 4730
913 1233
913 2415
913 2576
913 4362
913 5669
913 5942
914 1237
914 1243
914 1793
914 1885
915 1242
915 3479
915 4626
915 4929
916 1646
916 1834
916 2560
916 2576
916 3057
916 3828
916 4256
916 4262
916 4541
916 5503
916 5545
917 1251
917 1419
917 1433
917 3291
917 3590
917 3867
917 4729
917 5884
918 1251
918 1285
918 1292
918 1721
918 2098
918 2606
918 2713
918 3379
918 3424
918 3593
918 4285
918 4915
918 5283
919 1251
919 1448
919 1938
919 2373
920 1251
920 2397
920 2756
920 3244
920 4239
921 1251
921 1990
921 5425
921 5786
922 1251
922 2042
922 2235
922 2331
922 2336
922 3817
923 1251
923 1965
923 2502
923 3332
923 3540
923 3651
923 5373
924 1251
924 2042
924 2365
924 4337
924 4826
924 5021
924 5661
925 2833
925 3758
925 3933
925 4197
926 1251
926 1729
926 3260
926 3866
926 4808
926 5268
926 5449
926 5454
927 1251
927 1724
927 2532
927 2884
927 3655
927 3779
927 4371
927 4832
927 5603
927 5660
928 1251
928 1766
928 2401
928 5262
929 1252
929 1715
929 1726
929 1938
929 1952
929 2062
929 3195
929 3344
929 4635
929 5002
929 5180
929 5536
930 1252
930 2387
930 2706
930 3508
930 4564
930 5180
930 5601
930 5859
930 5867
931 1261
931 1664
931 2195
931 2985
931 3105
931 3180
931 3395
931 3410
931 3816
931 4757
932 1263
932 1343
932 1690
932 5081
932 5212
932 5225
932 5451
932 5459
932 5756
932 5763
932 5965
933 1281
933 1359
933 3422
933 3490
933 5704
934 2291
934 4825
934 4912
934 5492
935 1282
935 1599
935 3422
935 3787
936 1286
936 1807
936 1867
936 3419
936 3454
936 4047
936 4207
936 5341
936 5552
936 5763
936 5851
937 1287
937 3433
937 3589
937 4365
937 5361
937 5863
938 1291
938 2698
938 2757
938 3057
938 3288
938 3672
938 4544
938 5064
938 5133
938 5293
939 1550
939 2409
939 2641
939 3131
939 3702
939 4866
940 1762
940 3546
940 4911
940 5508
941 4973
941 5241
941 5320
941 5435
942 1305
942 3160
942 3191
942 3237
943 1309
943 2900
943 4345
943 5614
944 1316
944 2040
944 5356
944 5942
945 1330
945 2693
945 3473
945 3815
946 1333
946 2966
946 2970
946 3152
946 4732
947 1334
947 2292
947 2748
947 4718
948 1335
948 2561
948 3598
948 5969
949 1341
949 1450
949 1483
949 1786
949 1820
949 2361
949 2362
949 2744
949 2745
949 5038
949 5408
949 5467
949 5590
949 5734
949 5776
949 5909
950 1349
950 2513
950 2545
950 2723
950 3887
950 4815
950 5492
951 1351
951 3118
951 4717
951 5605
952 1353
952 1479
952 2896
952 5323
953 1357
953 1388
953 2552
953 2998
954 4713
954 5582
954 5770
954 5810
955 5014
955 5015
955 5146
955 5559
956 1378
956 2516
956 3590
956 5736
957 1387
957 1405
957 1743
957 2152
957 2363
957 2715
957 4580
957 5560
958 1399
958 3468
958 4283
958 4309
958 4392
958 5164
958 5199
958 5664
959 1409
959 1449
959 1637
959 3106
959 5721
960 1421
960 2050
960 2052
960 2413
961 1437
961 1958
961 2372
961 3036
962 1440
962 1716
962 1742
962 3763
962 4064
962 4632
962 5051
962 5066
962 5089
963 1453
963 2084
963 4680
963 5503
963 5752
963 5896
964 1459
964 2001
964 2294
964 2430
964 2941
964 3408
964 4384
964 5714
965 1467
965 1472
965 3535
965 3565
966 3197
966 3797
966 3799
966 4524
967 1473
967 3381
967 4645
967 4827
967 5840
968 1480
968 2453
968 2702
968 3225
968 3231
968 3282
968 3613
968 4189
968 4720
968 5796
969 1486
969 1635
969 1838
969 2398
969 4362
969 5964
970 1486
970 3456
970 4526
970 5140
971 1495
971 1819
971 2790
971 4023
971 4069
971 4302
971 5037
971 5247
971 5754
971 5809
971 5865
972 1501
972 2977
972 3465
972 3469
972 3832
972 3834
972 4034
972 4214
972 5646
972 5669
972 5746
973 1501
973 1778
973 2510
973 3857
973 4323
973 5453
974 1501
974 3522
974 3731
974 3829
974 4835
974 5521
974 5598
975 1502
975 2785
975 2838
975 4581
975 5024
975 5544
976 1502
976 1735
976 2779
976 3136
976 3850
976 5168
977 1505
977 1671
977 3324
977 3763
978 1506
978 3551
978 4249
978 4471
978 4931
979 1506
979 1823
979 1919
979 2195
979 4219
979 4731
980 1520
980 2588
980 3810
980 4413
981 1539
981 2371
981 2860
981 3938
981 5194
981 5896
982 1543
982 2221
982 3556
982 5328
983 1545
983 2127
983 2425
983 3738
983 3783
983 4274
983 5691
983 5722
983 5859
984 1559
984 1591
984 1660
984 2003
984 2402
984 2456
984 5177
984 5245
985 1561
985 2314
985 4148
985 4591
985 5127
986 1567
986 1874
986 1942
986 2581
986 5111
986 5315
987 1571
987 3339
987 3990
987 4887
988 2341
988 2560
988 2860
988 3921
988 4987
988 5373
989 1822
989 3518
989 4534
989 4706
990 1714
990 2431
990 3344
990 3759
990 3760
990 5683
991 1599
991 3233
991 4534
991 5009
992 1605
992 1926
992 4299
992 5076
993 1605
993 3887
993 3989
993 4473
993 4683
993 4797
993 5585
994 1605
994 2590
994 3755
994 4457
995 2665
995 4079
995 5174
995 5609
995 5817
996 2702
996 2764
996 3696
996 3736
997 1607
997 2166
997 2555
997 3736
997 5085
998 1609
998 1993
998 2357
998 5021
998 5407
999 1623
999 3609
999 4678
999 5393
1000 1624
1000 3915
1000 5296
1000 5530
1000 5532
1001 1626
1001 2571
1001 2747
1001 4144
1002 1633
1002 3232
1002 5274
1002 5705
1003 1635
1003 2398
1003 3610
1003 4515
1003 4811
1004 1641
1004 1802
1004 2857
1004 2929
1004 4118
1004 4570
1004 4728
1004 4778
1004 5301
1004 5980
1005 1643
1005 3049
1005 3274
1005 4637
1006 1650
1006 2168
1006 3657
1006 4900
1007 1657
1007 2513
1007 3452
1007 3962
1007 3979
1007 5023
1008 1664
1008 3628
1008 3659
1008 3800
1008 4597
1009 1664
1009 2611
1009 3920
1009 4479
1009 5972
1010 2042
1010 3489
1010 4955
1010 5249
1011 1688
1011 2530
1011 3023
1011 4145
1011 4927
1011 4985
1012 1689
1012 1891
1012 3269
1012 4643
1013 2976
1013 3095
1013 3518
1013 4699
1013 4703
1014 4295
1014 4297
1014 4573
1014 5012
1015 1712
1015 4418
1015 4431
1015 5373
1016 1715
1016 1725
1016 1727
1016 1743
1016 2231
1016 2444
1016 2466
1016 3489
1016 3626
1016 3947
1016 4202
1016 4242
1016 4302
1017 1717
1017 1726
1017 1751
1017 3063
1017 3155
1017 3780
1017 4059
1017 5110
1017 5361
1018 1720
1018 2595
1018 3185
1018 4021
1018 4594
1018 4974
1018 5512
1018 5865
1018 5937
1019 1731
1019 2243
1019 2608
1019 3945
1019 4344
1019 4571
1019 5499
1020 1736
1020 3202
1020 3359
1020 4436
1021 1738
1021 4262
1021 4937
1021 5091
1022 1746
1022 1817
1022 2495
1022 4258
1023 1749
1023 1941
1023 2870
1023 3229
1023 3847
1023 3970
1023 5302
1023 5392
1024 1750
1024 4793
1024 5398
1024 5629
1025 1763
1025 2022
1025 4208
1025 4519
1026 1763
1026 1988
1026 3827
1026 4136
1026 4976
1026 5448
1027 1769
1027 2133
1027 3592
1027 3739
1027 4521
1028 1771
1028 2502
1028 4943
1028 5140
1029 1779
1029 5373
1029 5713
1029 5941
1030 1793
1030 1832
1030 3733
1030 4043
1030 4382
1030 5408
1031 1794
1031 2118
1031 2335
1031 2641
1031 2781
1031 2956
1031 2960
1031 3060
1031 3484
1031 3701
1031 4016
1031 4324
1031 5326
1032 1805
1032 2021
1032 2144
1032 5647
1033 3165
1033 3963
1033 4659
1033 5192
1034 1823
1034 3248
1034 3535
1034 4579
1034 4958
1034 5353
1034 5474
1034 5480
1034 5773
1034 5956
1035 2516
1035 5373
1035 5649
1035 5844
1036 1823
1036 2213
1036 2516
1036 5647
1037 1834
1037 1985
1037 2828
1037 4325
1038 1839
1038 2502
1038 2702
1038 2791
1038 4414
1039 1863
1039 4256
1039 4981
1039 5373
1039 5503
1039 5669
1039 5878
1040 3004
1040 3195
1040 4761
1040 5548
1041 2342
1041 2669
1041 4246
1041 5394
1042 1883
1042 2685
1042 3468
1042 4320
1042 4884
1043 2213
1043 3093
1043 3865
1043 5015
1044 1914
1044 2276
1044 4203
1044 5787
1045 1920
1045 3195
1045 3487
1045 3517
1045 3564
1045 3566
1045 4630
1045 4686
1046 3723
1046 4922
1046 5373
1046 5942
1047 1923
1047 1926
1047 3220
1047 3287
1047 3745
1047 4084
1047 4811
1048 1925
1048 4692
1048 4997
1048 5037
1049 1930
1049 3576
1049 5641
1049 5797
1050 1931
1050 2181
1050 2566
1050 3485
1050 3546
1051 1948
1051 2517
1051 5555
1051 5558
1052 1986
1052 4984
1052 4988
1052 5503
1053 1990
1053 2435
1053 2560
1053 2770
1053 2862
1053 4255
1053 4985
1053 5008
1053 5373
1053 5715
1053 5770
1053 5931
1053 5940
1054 1990
1054 4034
1054 5276
1054 5553
1055 1990
1055 2560
1055 4680
1055 5503
1055 5678
1056 2068
1056 2622
1056 2739
1056 3400
1056 4744
1056 5393
1056 5604
1056 5624
1056 5824
1057 2020
1057 2364
1057 3154
1057 3347
1058 2029
1058 3445
1058 3584
1058 3879
1058 4203
1058 4209
1058 4244
1058 5704
1059 2061
1059 4173
1059 4756
1059 4790
1060 2064
1060 2360
1060 3299
1060 5858
1061 2242
1061 2258
1061 2702
1061 4184
1062 2070
1062 2581
1062 2769
1062 4493
1062 5351
1063 2502
1063 3808
1063 4001
1063 4423
1063 4877
1064 2075
1064 2078
1064 2210
1064 2829
1065 2085
1065 2770
1065 3738
1065 5228
1066 2103
1066 2437
1066 3904
1066 5373
1066 5503
1067 2107
1067 2163
1067 2205
1067 3777
1068 2112
1068 2415
1068 4606
1068 5869
1069 2567
1069 4603
1069 4666
1069 4775
1070 3051
1070 4760
1070 5269
1070 5313
1070 5626
1070 5645
1070 5649
1071 2157
1071 2985
1071 3515
1071 4470
1071 4924
1071 5637
1071 5652
1072 2158
1072 2175
1072 4541
1072 5762
1073 2188
1073 4261
1073 5090
1073 5139
1074 2195
1074 2298
1074 2702
1074 2776
1074 3483
1074 3636
1074 3889
1074 5711
1075 2195
1075 4541
1075 5128
1075 5373
1076 2560
1076 4614
1076 4680
1076 5949
1077 2394
1077 3107
1077 3250
1077 5616
1078 2213
1078 5746
1078 5968
1078 5969
1079 2213
1079 5177
1079 5546
1079 5951
1080 2213
1080 5626
1080 5649
1080 5954
1081 2560
1081 3580
1081 4538
1081 5744
1082 2213
1082 5373
1082 5503
1082 5953
1082 5973
1083 2232
1083 2518
1083 2931
1083 5695
1083 5764
1084 2246
1084 3884
1084 5260
1084 5795
1084 5862
1085 2248
1085 2592
1085 3498
1085 4454
1085 5265
1086 2257
1086 2680
1086 3589
1086 4343
1087 3350
1087 3631
1087 5036
1087 5450
1088 2300
1088 2980
1088 3735
1088 4282
1088 4521
1088 5191
1088 5880
1089 2331
1089 2811
1089 2827
1089 3184
1089 4107
1089 4108
1090 2335
1090 3642
1090 4125
1090 4241
1090 4680
1090 5848
1091 2341
1091 4980
1091 5373
1091 5503
1092 2359
1092 2534
1092 2794
1092 3133
1092 4467
1092 5829
1093 2371
1093 4725
1093 4770
1093 5750
1094 2374
1094 3687
1094 4151
1094 5573
1094 5613
1095 2386
1095 2463
1095 4031
1095 4907
1096 2389
1096 3449
1096 4578
1096 5102
1097 2402
1097 3922
1097 5968
1097 5969
1098 2402
1098 3451
1098 3894
1098 4035
1099 2402
1099 3174
1099 4213
1099 5524
1099 5546
1099 5928
1099 5969
1100 3093
1100 4034
1100 4978
1100 4985
1100 5546
1101 2402
1101 3832
1101 4424
1101 5588
1101 5745
1102 2412
1102 2864
1102 3226
1102 5098
1102 5328
1102 5816
1103 2560
1103 3319
1103 3853
1103 4713
1104 2430
1104 2847
1104 3213
1104 3772
1104 4307
1104 5067
1105 2432
1105 3025
1105 3029
1105 3340
1105 3868
1105 4502
1105 4532
1105 5099
1106 2456
1106 3233
1106 3468
1106 4140
1107 2456
1107 2627
1107 3099
1107 3393
1107 3586
1108 2463
1108 3535
1108 3910
1108 4160
1108 4360
1108 4589
1109 2464
1109 2560
1109 5373
1109 5503
1109 5686
1109 5982
1110 2484
1110 3737
1110 4161
1110 4542
1111 2994
1111 3462
1111 3567
1111 4491
1112 2495
1112 3555
1112 3570
1112 5736
1113 2500
1113 2693
1113 2997
1113 3911
1113 4032
1113 4868
1113 5053
1113 5508
1114 2501
1114 3132
1114 3157
1114 4128
1115 2512
1115 4703
1115 5195
1115 5607
1115 5855
1116 2512
1116 3984
1116 5829
1116 5919
1117 2516
1117 2560
1117 5514
1117 5669
1118 3468
1118 3834
1118 5745
1118 5969
1119 2516
1119 3309
1119 3904
1119 4593
1119 5844
1119 5940
1120 2537
1120 2564
1120 4476
1120 5021
1120 5897
1121 2554
1121 2891
1121 3750
1121 4451
1121 4548
1122 2560
1122 3904
1122 4256
1122 5356
1122 5373
1122 5546
1122 5770
1122 5931
1123 3936
1123 4680
1123 5736
1123 5745
1123 5746
1123 5949
1124 2860
1124 3945
1124 4680
1124 5503
1124 5890
1125 2560
1125 4918
1125 5373
1125 5770
1126 2560
1126 3336
1126 4255
1126 5373
1126 5977
1127 2560
1127 2702
1127 4561
1127 4592
1127 4628
1127 5503
1127 5878
1127 5926
1128 2560
1128 3057
1128 5715
1128 5727
1128 5770
1129 2560
1129 4538
1129 4980
1129 5373
1129 5669
1129 5744
1130 2560
1130 3592
1130 4387
1130 4732
1130 5000
1130 5176
1130 5373
1130 5502
1130 5770
1130 5975
1130 5982
1131 4980
1131 4984
1131 5373
1131 5752
1132 2560
1132 4680
1132 5245
1132 5373
1132 5375
1132 5503
1132 5929
1133 2560
1133 3938
1133 5374
1133 5686
1133 5968
1134 2560
1134 4865
1134 5105
1134 5503
1134 5977
1135 2860
1135 4213
1135 4256
1135 4680
1135 5770
1136 2560
1136 3834
1136 5727
1136 5770
1137 2560
1137 4982
1137 4985
1137 5373
1137 5503
1137 5669
1137 5745
1138 2580
1138 4142
1138 4256
1138 5679
1138 5770
1138 5936
1139 3056
1139 3904
1139 4095
1139 4525
1140 2640
1140 5843
1140 5846
1140 5852
1141 2780
1141 3312
1141 4417
1141 5431
1142 2647
1142 5373
1142 5374
1142 5736
1143 2688
1143 2815
1143 2822
1143 3522
1144 2691
1144 3443
1144 4743
1144 5781
1145 2720
1145 3605
1145 3661
1145 5238
1145 5600
1146 2720
1146 4848
1146 5115
1146 5554
1146 5971
1147 2737
1147 2979
1147 3121
1147 3177
1148 3057
1148 3687
1148 3946
1148 5328
1149 2775
1149 4546
1149 5146
1149 5727
1149 5865
1149 5981
1150 2837
1150 5101
1150 5212
1150 5243
1150 5352
1150 5426
1151 2841
1151 2907
1151 3000
1151 5497
1152 2850
1152 3387
1152 3530
1152 4009
1152 5456
1152 5717
1153 2860
1153 3319
1153 3945
1153 5838
1153 5944
1154 2860
1154 5583
1154 5770
1154 5810
1155 2860
1155 3936
1155 4489
1155 5954
1156 2929
1156 2991
1156 3048
1156 3832
1156 4212
1156 4881
1156 5770
1156 5837
1156 5844
1156 5923
1156 5936
1156 5969
1157 2914
1157 3394
1157 3732
1157 5091
1157 5166
1157 5608
1157 5757
1157 5762
1158 2924
1158 4113
1158 4945
1158 5560
1159 2931
1159 4134
1159 4890
1159 5271
1160 2933
1160 3578
1160 3769
1160 4518
1160 4921
1161 2936
1161 3194
1161 4066
1161 5910
1162 3481
1162 3534
1162 4003
1162 4332
1162 4534
1162 4960
1162 5195
1162 5361
1162 5688
1162 5841
1163 2938
1163 4633
1163 4753
1163 5021
1164 2939
1164 5327
1164 5757
1164 5797
1164 5854
1165 2939
1165 3728
1165 5543
1165 5626
1166 2949
1166 3125
1166 5182
1166 5400
1167 2952
1167 5181
1167 5459
1167 5689
1168 2975
1168 3204
1168 3992
1168 4755
1169 3274
1169 3547
1169 4056
1169 4750
1169 4751
1169 4953
1170 4865
1170 4979
1170 4984
1170 5882
1171 3038
1171 4619
1171 5275
1171 5791
1172 3192
1172 3438
1172 4157
1172 5361
1172 5659
1172 5731
1173 3050
1173 4533
1173 5313
1173 5853
1174 3093
1174 4078
1174 4538
1174 5646
1174 5896
1174 5969
1175 3093
1175 3580
1175 3937
1175 3938
1176 3122
1176 3468
1176 5896
1176 5942
1177 3122
1177 3945
1177 4326
1177 5770
1177 5844
1178 4016
1178 4400
1178 4662
1178 4670
1179 3169
1179 3321
1179 3561
1179 3887
1180 3169
1180 3851
1180 5537
1180 5563
1181 3186
1181 4175
1181 5837
1181 5977
1182 3189
1182 5014
1182 5753
1182 5949
1183 3190
1183 3605
1183 4546
1183 5191
1184 3204
1184 5062
1184 5239
1184 5402
1184 5873
1185 3215
1185 3834
1185 4172
1185 4213
1186 3230
1186 3231
1186 3316
1186 4612
1187 3238
1187 3267
1187 5158
1187 5607
1188 3244
1188 3286
1188 3377
1188 4902
1189 3264
1189 4884
1189 5358
1189 5395
1190 3313
1190 3824
1190 4506
1190 4682
1190 5360
1191 3336
1191 4256
1191 4992
1191 5647
1191 5744
1191 5952
1191 5953
1192 3345
1192 3920
1192 3921
1192 5519
1193 3352
1193 3353
1193 3572
1193 3577
1194 3468
1194 5503
1194 5949
1194 5968
1194 5971
1195 3468
1195 3846
1195 4214
1195 4466
1196 4214
1196 4217
1196 4680
1196 5502
1196 5646
1196 5727
1196 5968
1197 3468
1197 5295
1197 5626
1197 5642
1198 3480
1198 4058
1198 4529
1198 5007
1199 3500
1199 4235
1199 4354
1199 4414
1199 4568
1199 4654
1199 4924
1199 5156
1199 5792
1199 5917
1200 3510
1200 4250
1200 4348
1200 5808
1200 5906
1201 4277
1201 4478
1201 5658
1201 5805
1201 5893
1202 3555
1202 3922
1202 4538
1202 5648
1203 3570
1203 3893
1203 4874
1203 5288
1204 3579
1204 4212
1204 5514
1204 5546
1204 5770
1204 5942
1205 3579
1205 3580
1205 4724
1205 5642
1205 5770
1205 5969
1205 5981
1206 3580
1206 4034
1206 4214
1206 5745
1206 5968
1207 3673
1207 3890
1207 4626
1207 4849
1208 3705
1208 3706
1208 4461
1208 5028
1208 5459
1209 3751
1209 5062
1209 5873
1209 5925
1210 3793
1210 4779
1210 5017
1210 5709
1211 3830
1211 3904
1211 4592
1211 5194
1211 5844
1211 5849
1211 5878
1211 5975
1212 3832
1212 3986
1212 4214
1212 5968
1213 3922
1213 5373
1213 5648
1213 5770
1214 3922
1214 3986
1214 5359
1214 5736
1215 3936
1215 3938
1215 3945
1215 5949
1216 3938
1216 3939
1216 4538
1216 5745
1217 4281
1217 4461
1217 4586
1217 5967
1218 3986
1218 5008
1218 5373
1218 5500
1218 5770
1218 5896
1219 4104
1219 4876
1219 5777
1219 5778
1220 4255
1220 5647
1220 5928
1220 5929
1220 5944
1221 4329
1221 5735
1221 5745
1221 5772
1222 5373
1222 5669
1222 5968
1222 5969
1223 4538
1223 4724
1223 5553
1223 5770
1223 5896
1224 4680
1224 5810
1224 5838
1224 5940
1224 5968
1224 5969
1225 4710
1225 5744
1225 5745
1225 5969
1226 4719
1226 5045
1226 5413
1226 5570
1227 4724
1227 5546
1227 5844
1227 5951
1227 5969
1228 4846
1228 4870
1228 5026
1228 5355
1228 5685
1228 5758
1229 4982
1229 5373
1229 5503
1229 5844
1230 5115
1230 5770
1230 5890
1230 5896
1231 5373
1231 5503
1231 5744
1231 5954
1232 5503
1232 5735
1232 5736
1232 5940
